%%MatrixMarket matrix array real general
1000 7
 0.8
 0.6
 0.4444444444444444
 0.75
 0.2727272727272727
 0.9
 0.8
 0.3636363636363636
 0.3333333333333333
 0.3333333333333333
 0.7777777777777778
 0.7777777777777778
 0.7777777777777778
 0.7
 0.8
 0.2222222222222222
 0.3333333333333333
 0.7272727272727273
 0.5
 0.9
 0.7777777777777778
 0.7777777777777778
 0.9230769230769231
 0.7777777777777778
 1
 0.7777777777777778
 0.7777777777777778
 1.090909090909091
 0.8888888888888888
 0.8888888888888888
 1.2
 0.2
 1
 0.7777777777777778
 0.3333333333333333
 0.3333333333333333
 0.2
 0.7777777777777778
 0.2222222222222222
 0.2222222222222222
 0.3333333333333333
 0.7
 0.7777777777777778
 0.7777777777777778
 0.7777777777777778
 0.7777777777777778
 0.8888888888888888
 0.2222222222222222
 0.6
 0.2222222222222222
 0.2222222222222222
 0.2727272727272727
 0.7272727272727273
 0.3333333333333333
 0.2222222222222222
 0.2222222222222222
 0.7
 0.3333333333333333
 0.3333333333333333
 0.8333333333333334
 0
 0.5
 0
 0.8333333333333334
 0
 0.1818181818181818
 0.8
 0
 0
 0
 0
 0
 0
 0
 0.3333333333333333
 0.3333333333333333
 0
 0
 0.8333333333333334
 0.7857142857142857
 0
 0
 0
 0
 0
 0
 0
 0
 0
 0.5
 0
 0.7
 0.7
 0
 0
 0
 0
 0
 0
 0.8571428571428571
 0
 0
 0
 0
 0
 0
 0
 0
 0.9230769230769231
 0
 0
 0.7
 0.3333333333333333
 0
 0
 0.2222222222222222
 0
 0
 0
 0
 0.8
 0
 0
 0
 0
 0
 0.8333333333333334
 0.4285714285714285
 0
 0
 0.75
 0
 0
 0
 0
 0
 0.8333333333333334
 0
 0
 0.6666666666666666
 0
 0
 0.8333333333333334
 0.7857142857142857
 0
 0
 0
 0
 0
 0
 0.8
 0
 0
 0
 0.3333333333333333
 0
 0
 0
 0
 0
 0.4444444444444444
 0
 0
 0
 0
 0
 0
 0
 0
 0
 0
 0
 0.9230769230769231
 0
 0
 0
 0
 0
 0
 0.7777777777777778
 0
 0.5714285714285714
 0
 0
 0
 0.2
 0
 0.2
 0
 0
 0.9333333333333333
 0.7
 0
 0
 0
 0
 0
 0
 0
 0
 0
 0
 0
 0
 0
 0
 0.2857142857142857
 0
 0
 0
 0
 0
 0
 0
 0
 0
 0.4166666666666667
 0
 0
 0
 0.2222222222222222
 0.8888888888888888
 0
 0
 0
 0
 0
 0
 0
 0
 0
 0
 0
 0
 0
 0
 0
 0
 0
 0
 0
 0
 0.3571428571428572
 0
 0
 0
 0
 0
 0
 0
 0
 0
 0
 0.7
 0
 0.6
 0.8
 0
 0.6
 0
 0
 0
 0
 0
 0
 0
 0
 0
 0
 0
 0.8333333333333334
 0
 0
 0
 0
 0
 0
 0
 0
 0
 0.8333333333333334
 0.4285714285714285
 0
 0.4615384615384616
 0
 0
 0
 0
 0
 0
 0
 0
 1
 0.6363636363636364
 0.4166666666666667
 0
 0
 0
 0.3333333333333333
 0
 0.2857142857142857
 0
 0
 0
 0
 0
 0
 0
 0
 0
 0
 0
 0
 0.7272727272727273
 0
 0
 0
 0.8333333333333334
 0
 0
 0
 0
 0.2
 0
 0
 0.3333333333333333
 0
 0
 0
 0.7
 0
 0
 0
 0
 0
 0
 0.9285714285714286
 0.7333333333333333
 0
 0
 0
 0
 0
 0
 0
 0.3571428571428572
 0
 0
 0.7
 0.7777777777777778
 0
 0
 0
 0.2857142857142857
 0
 0
 0
 0
 0
 0
 0
 0
 0
 0.4545454545454545
 0.7
 0
 0
 0
 0
 0
 0
 0
 0.7
 0.7
 0
 0
 0
 0
 0
 0
 0
 0
 0.2
 0
 0
 0.3333333333333333
 0
 0
 0
 0
 0.9285714285714286
 0.7857142857142857
 0
 0
 0
 0.8
 0.7777777777777778
 0.7
 0
 0
 0.3571428571428572
 0
 0
 0
 0.7777777777777778
 0
 0
 0
 0.7777777777777778
 0
 0
 0
 0
 0
 0
 0.6
 0
 0
 0
 0
 0
 0.6363636363636364
 0.7
 0
 0
 0
 0
 0
 0
 0.8333333333333334
 0
 0.8571428571428571
 0
 0.9166666666666666
 0
 0
 0
 0.8333333333333334
 0.4285714285714285
 0
 0.6153846153846154
 0
 0
 0
 1
 0.3
 0
 0
 0
 0
 0
 1
 0
 0
 0
 0
 0.3571428571428572
 0
 0.7777777777777778
 0
 0
 0
 0.7
 0
 0
 0
 0.6428571428571429
 0
 0
 0
 0
 0
 0.7
 0
 0
 0.8461538461538461
 0
 0
 0
 0.7272727272727273
 0.7272727272727273
 0
 0
 0
 0
 0
 0.2
 0
 0
 0
 0
 0.3333333333333333
 0.2222222222222222
 0
 0
 0
 0
 0.7777777777777778
 0.7777777777777778
 0
 0
 0
 0
 0
 0
 0
 0
 0
 0
 0
 0
 0
 0
 0
 0
 0.8333333333333334
 0
 0.2
 0
 0
 0
 0
 0
 0
 0.3571428571428572
 0.7
 0
 0
 0
 0
 0
 0
 0.8333333333333334
 0.8571428571428571
 0
 0
 0
 0
 0.6666666666666666
 0
 0
 0
 0
 0
 0
 0
 0.7
 0
 0
 0
 0
 0
 0
 0
 0
 0
 0
 0.7777777777777778
 0
 0
 0
 0
 0
 0
 0
 0
 0.6363636363636364
 0
 0
 0
 0
 0
 0
 0
 0
 0
 0
 0
 0
 0
 0
 0
 0
 0.6666666666666666
 0
 0
 0
 0
 0
 0.6428571428571429
 0
 0.7
 0
 0.4444444444444444
 0
 0
 0
 0
 0
 0
 0
 0
 0
 0
 0
 0
 0
 0
 0
 0
 0
 0.7
 0
 0
 0
 0
 0.3333333333333333
 0
 0
 0.9230769230769231
 0
 0
 0
 0
 0
 0
 0
 0.3333333333333333
 0
 0
 0.5
 0
 0
 0
 0.2
 0
 0.6
 0.7
 0
 0
 0
 0
 0
 0
 0
 0
 0.2
 0
 0
 0
 0.7777777777777778
 0
 0
 0
 0
 0
 0.6428571428571429
 0
 0
 0.5454545454545454
 0.5454545454545454
 0
 0.7
 0
 0.7777777777777778
 0
 0.7857142857142857
 0
 0
 0
 0
 1
 0.8
 0
 0.6363636363636364
 0
 0
 0
 0
 0
 0
 0
 0
 0
 0
 0.6428571428571429
 0
 0
 0
 0.7
 0
 0.7777777777777778
 0.7777777777777778
 0.7777777777777778
 0
 0.9230769230769231
 0
 0
 0
 0
 0
 0.7777777777777778
 0
 0
 0.8333333333333334
 0.8571428571428571
 1
 0
 0
 0
 0.2
 0
 0
 0
 0
 0
 0
 0
 0
 1
 0
 1
 0
 0
 0
 0
 0
 0
 1
 0
 0
 0.7272727272727273
 0
 0
 0
 0
 0.3076923076923077
 0
 0
 0.2222222222222222
 0
 0
 0
 0.8333333333333334
 0
 0
 0.5454545454545454
 0.3636363636363636
 0
 0
 0
 0.8333333333333334
 0
 0
 0.8461538461538461
 0.4166666666666667
 0
 0
 0
 0
 0
 0.8333333333333334
 0
 0
 0
 0
 0
 0
 0
 0
 0
 0
 0
 0.6923076923076923
 0
 0
 0
 0
 0
 0.6
 0
 1
 0
 0.8
 0.2
 0
 0
 0
 0
 0
 0.8461538461538461
 0
 0
 0
 0.8
 0
 0
 0.8333333333333334
 0
 0
 0
 0
 0
 0
 0
 0
 0.8333333333333334
 0
 0
 0
 0
 0
 0
 0.5
 0
 0
 0.8333333333333334
 0.8
 0.7333333333333333
 0
 0
 0
 0
 0
 0
 0
 0
 0
 0
 0
 0
 0
 0
 0.7777777777777778
 0
 0
 0
 0
 0
 0
 0.6666666666666666
 0
 0.4
 0.7777777777777778
 0
 0
 0
 0
 0.9166666666666666
 0
 0
 0
 0
 0
 0.8333333333333334
 0
 0
 0.8333333333333334
 0
 0
 0.8181818181818182
 0
 0
 0
 0
 0
 0
 0
 0
 0
 0.4
 0.7
 0
 0
 0
 0
 0
 0
 0
 0.8888888888888888
 0
 0
 0.2222222222222222
 0
 0.8333333333333334
 0
 0
 0
 0.6153846153846154
 0.9166666666666666
 0
 0
 0
 0.9
 0
 0
 0
 0
 0
 0
 0
 0.3333333333333333
 0
 0.8333333333333334
 0
 0
 0.8333333333333334
 0
 0
 0
 1
 0
 0
 0
 0
 0
 0
 0
 0
 0.6
 0
 0
 0.8333333333333334
 0
 0
 0
 0
 0
 1.1
 0.8888888888888888
 0
 0
 0
 0.9230769230769231
 0
 0
 0
 0
 0
 0
 0.7777777777777778
 0
 0
 0.4545454545454545
 0
 0
 0
 0
 0
 0
 0.2222222222222222
 0
 0
 0
 0
 0
 0
 0.2222222222222222
 0.2222222222222222
 0
 0.8888888888888888
 0
 0
 0
 0.5454545454545454
 0
 0
 0
 0
 0
 0.2222222222222222
 0
 0
 0.7333333333333333
 0
 0.8571428571428571
 0.3571428571428572
 0.3846153846153846
 0
 0
 0.8
 0
 0.2666666666666667
 0.5
 0
 0
 0
 0
 1.090909090909091
 0
 0
 0
 0
 0
 0
 0
 0
 0
 0
 0
 0.3
 0.4
 0.3
 0.5
 0.3
 0.4
 0.4
 0.3
 0.3
 0.3
 0.3
 0.3
 0.3
 0.3
 0.3
 0.2
 0.3
 0.3
 0.4
 0.3
 0.3
 0.3
 0.5
 0.3
 0.6
 0.3
 0.3
 0.4
 0.3
 0.3
 0.4
 0.2
 0.5
 0.3
 0.2
 0.2
 0.2
 0.3
 0.2
 0.2
 0.3
 0.3
 0.3
 0.3
 0.3
 0.3
 0.3
 0.2
 0.4
 0.2
 0.2
 0.3
 0.3
 0.3
 0.2
 0.2
 0.3
 0.3
 0.3
 0.7
 0
 0.4
 0
 0.5
 0
 0.2
 0.4
 0
 0
 0
 0
 0
 0
 0
 0.3
 0.3
 0
 0
 0.7
 0.5
 0
 0
 0
 0
 0
 0
 0
 0
 0
 0.3
 0
 0.3
 0.3
 0
 0
 0
 0
 0
 0
 0.5
 0
 0
 0
 0
 0
 0
 0
 0
 0.5
 0
 0
 0.3
 0.3
 0
 0
 0.2
 0
 0
 0
 0
 0.3
 0
 0
 0
 0
 0
 0.7
 0.4
 0
 0
 0.5
 0
 0
 0
 0
 0
 0.4
 0
 0
 0.3
 0
 0
 0.7
 0.5
 0
 0
 0
 0
 0
 0
 0.4
 0
 0
 0
 0.3
 0
 0
 0
 0
 0
 0.3
 0
 0
 0
 0
 0
 0
 0
 0
 0
 0
 0
 0.5
 0
 0
 0
 0
 0
 0
 0.3
 0
 0.4
 0
 0
 0
 0.2
 0
 0.2
 0
 0
 0.6
 0.3
 0
 0
 0
 0
 0
 0
 0
 0
 0
 0
 0
 0
 0
 0
 0.3
 0
 0
 0
 0
 0
 0
 0
 0
 0
 0.3
 0
 0
 0
 0.2
 0.3
 0
 0
 0
 0
 0
 0
 0
 0
 0
 0
 0
 0
 0
 0
 0
 0
 0
 0
 0
 0
 0.3
 0
 0
 0
 0
 0
 0
 0
 0
 0
 0
 0.3
 0
 0.4
 0.4
 0
 0.4
 0
 0
 0
 0
 0
 0
 0
 0
 0
 0
 0
 0.7
 0
 0
 0
 0
 0
 0
 0
 0
 0
 0.7
 0.4
 0
 0.4
 0
 0
 0
 0
 0
 0
 0
 0
 0.5
 0.3
 0.2
 0
 0
 0
 0.3
 0
 0.3
 0
 0
 0
 0
 0
 0
 0
 0
 0
 0
 0
 0
 0.3
 0
 0
 0
 0.7
 0
 0
 0
 0
 0.2
 0
 0
 0.3
 0
 0
 0
 0.3
 0
 0
 0
 0
 0
 0
 0.5
 0.5
 0
 0
 0
 0
 0
 0
 0
 0.3
 0
 0
 0.3
 0.3
 0
 0
 0
 0.3
 0
 0
 0
 0
 0
 0
 0
 0
 0
 0.3
 0.3
 0
 0
 0
 0
 0
 0
 0
 0.3
 0.3
 0
 0
 0
 0
 0
 0
 0
 0
 0.2
 0
 0
 0.3
 0
 0
 0
 0
 0.5
 0.5
 0
 0
 0
 0.3
 0.3
 0.3
 0
 0
 0.3
 0
 0
 0
 0.3
 0
 0
 0
 0.3
 0
 0
 0
 0
 0
 0
 0.4
 0
 0
 0
 0
 0
 0.3
 0.3
 0
 0
 0
 0
 0
 0
 0.7
 0
 0.5
 0
 0.5
 0
 0
 0
 0.7
 0.4
 0
 0.4
 0
 0
 0
 0.5
 0.3
 0
 0
 0
 0
 0
 0.5
 0
 0
 0
 0
 0.3
 0
 0.3
 0
 0
 0
 0.3
 0
 0
 0
 0.4
 0
 0
 0
 0
 0
 0.3
 0
 0
 0.5
 0
 0
 0
 0.4
 0.4
 0
 0
 0
 0
 0
 0.2
 0
 0
 0
 0
 0.3
 0.2
 0
 0
 0
 0
 0.3
 0.3
 0
 0
 0
 0
 0
 0
 0
 0
 0
 0
 0
 0
 0
 0
 0
 0
 0.4
 0
 0.2
 0
 0
 0
 0
 0
 0
 0.3
 0.3
 0
 0
 0
 0
 0
 0
 0.7
 0.5
 0
 0
 0
 0
 0.4
 0
 0
 0
 0
 0
 0
 0
 0.3
 0
 0
 0
 0
 0
 0
 0
 0
 0
 0
 0.3
 0
 0
 0
 0
 0
 0
 0
 0
 0.3
 0
 0
 0
 0
 0
 0
 0
 0
 0
 0
 0
 0
 0
 0
 0
 0
 0.5
 0
 0
 0
 0
 0
 0.4
 0
 0.3
 0
 0.2
 0
 0
 0
 0
 0
 0
 0
 0
 0
 0
 0
 0
 0
 0
 0
 0
 0
 0.3
 0
 0
 0
 0
 0.3
 0
 0
 0.5
 0
 0
 0
 0
 0
 0
 0
 0.3
 0
 0
 0.4
 0
 0
 0
 0.2
 0
 0.4
 0.3
 0
 0
 0
 0
 0
 0
 0
 0
 0.2
 0
 0
 0
 0.3
 0
 0
 0
 0
 0
 0.4
 0
 0
 0.3
 0.3
 0
 0.3
 0
 0.3
 0
 0.5
 0
 0
 0
 0
 0.4
 0.3
 0
 0.4
 0
 0
 0
 0
 0
 0
 0
 0
 0
 0
 0.4
 0
 0
 0
 0.3
 0
 0.3
 0.3
 0.3
 0
 0.5
 0
 0
 0
 0
 0
 0.3
 0
 0
 0.7
 0.5
 0.6
 0
 0
 0
 0.2
 0
 0
 0
 0
 0
 0
 0
 0
 0.4
 0
 0.4
 0
 0
 0
 0
 0
 0
 0.5
 0
 0
 0.3
 0
 0
 0
 0
 0.3
 0
 0
 0.2
 0
 0
 0
 0.7
 0
 0
 0.4
 0.3
 0
 0
 0
 0.7
 0
 0
 0.5
 0.3
 0
 0
 0
 0
 0
 0.7
 0
 0
 0
 0
 0
 0
 0
 0
 0
 0
 0
 0.5
 0
 0
 0
 0
 0
 0.4
 0
 0.6
 0
 0.3
 0.2
 0
 0
 0
 0
 0
 0.5
 0
 0
 0
 0.3
 0
 0
 0.7
 0
 0
 0
 0
 0
 0
 0
 0
 0.7
 0
 0
 0
 0
 0
 0
 0.4
 0
 0
 0.7
 0.5
 0.5
 0
 0
 0
 0
 0
 0
 0
 0
 0
 0
 0
 0
 0
 0
 0.3
 0
 0
 0
 0
 0
 0
 0.4
 0
 0.3
 0.3
 0
 0
 0
 0
 0.5
 0
 0
 0
 0
 0
 0.7
 0
 0
 0.5
 0
 0
 0.4
 0
 0
 0
 0
 0
 0
 0
 0
 0
 0.3
 0.3
 0
 0
 0
 0
 0
 0
 0
 0.3
 0
 0
 0.2
 0
 0.7
 0
 0
 0
 0.4
 0.5
 0
 0
 0
 0.3
 0
 0
 0
 0
 0
 0
 0
 0.3
 0
 0.7
 0
 0
 0.5
 0
 0
 0
 0.5
 0
 0
 0
 0
 0
 0
 0
 0
 0.4
 0
 0
 0.7
 0
 0
 0
 0
 0
 0.4
 0.3
 0
 0
 0
 0.5
 0
 0
 0
 0
 0
 0
 0.3
 0
 0
 0.3
 0
 0
 0
 0
 0
 0
 0.2
 0
 0
 0
 0
 0
 0
 0.2
 0.2
 0
 0.3
 0
 0
 0
 0.4
 0
 0
 0
 0
 0
 0.2
 0
 0
 0.5
 0
 0.4
 0.3
 0.3
 0
 0
 0.3
 0
 0.3
 0.3
 0
 0
 0
 0
 0.4
 0
 0
 0
 0
 0
 0
 0
 0
 0
 0
 0
 0.5301465301516556
 0.8069205959612807
 1.387519896635744
 0.1923294116972702
 1.567704519467896
 0.4862768074248021
 0.5033160027657357
 0.578102292636712
 0.320479442648147
 0.8758522980275082
 0.6460520501981042
 0.6045081029221254
 0.7730394581338268
 1.778712741516134
 0.7803973606429654
 0.8363907156596898
 1.913127819556254
 0.5141343965331507
 0.8728985472118685
 0.5461372596382468
 0.8175620910763742
 0.2673473283299717
 0.1187302192593027
 0.6682739598636477
 0.1603110459276079
 0.7664771189225681
 0.9272630183314624
 0.5693697475559341
 1.635991350862989
 1.552004287783544
 0.6308354740235826
 1.338572340683061
 0.2338989549539759
 1.205192283067384
 1.050175823679887
 1.386197943095332
 1.025351168352447
 0.9462853763172291
 0.4034057684784988
 0.7285758088502032
 1.059894266971978
 0.2989196428783276
 0.6873964104007528
 0.5553284861819837
 0.9452238315333078
 1.025178742446981
 0.665244846227192
 0.5234870585236354
 0.3869622167494629
 0.6052626055207176
 0.771378939329904
 0.6850161878027573
 1.486176534051448
 0.8080596014899317
 1.169118064372341
 0.3452377575551782
 1.057356072269495
 0.3951213904106775
 0.7297500807537244
 0.1679576758742418
 0
 0.2713042977663791
 0
 0.1499640900802659
 0
 0.3516636814368639
 0.416640748654351
 0
 0
 0
 0
 0
 0
 0
 0.4489932350938788
 0.7136681186378353
 0
 0
 0.1679576758742418
 0.1339427955204837
 0
 0
 0
 0
 0
 0
 0
 0
 0
 0.3803830363726372
 0
 1.173823494496443
 1.096043432274397
 0
 0
 0
 0
 0
 0
 0.07816622846115896
 0
 0
 0
 0
 0
 0
 0
 0
 0.2768442648229544
 0
 0
 1.067705497643665
 0.320479442648147
 0
 0
 0.9141656114959302
 0
 0
 0
 0
 0.5843360565905892
 0
 0
 0
 0
 0
 0.1679576758742418
 0.2909374571733728
 0
 0
 0.2998604625551993
 0
 0
 0
 0
 0
 0.4649378449713016
 0
 0
 0.1561430313265383
 0
 0
 0.1679576758742418
 0.1339427955204837
 0
 0
 0
 0
 0
 0
 0.2957415771230993
 0
 0
 0
 0.4198579087739888
 0
 0
 0
 0
 0
 0.7642746137090169
 0
 0
 0
 0
 0
 0
 0
 0
 0
 0
 0
 0.2768442648229544
 0
 0
 0
 0
 0
 0
 2.0947701154618
 0
 0.2836472134541352
 0
 0
 0
 0.2354811475293258
 0
 0.3951400628153618
 0
 0
 0.2050309533637495
 0.7568247965228413
 0
 0
 0
 0
 0
 0
 0
 0
 0
 0
 0
 0
 0
 0
 0.4198579087739887
 0
 0
 0
 0
 0
 0
 0
 0
 0
 0.2832430075702894
 0
 0
 0
 1.593339821269063
 1.647632272029121
 0
 0
 0
 0
 0
 0
 0
 0
 0
 0
 0
 0
 0
 0
 0
 0
 0
 0
 0
 0
 0.3465218815025495
 0
 0
 0
 0
 0
 0
 0
 0
 0
 0
 0.573493165869051
 0
 0.7782949832720935
 0.9477257219466286
 0
 1.167726867887568
 0
 0
 0
 0
 0
 0
 0
 0
 0
 0
 0
 0.1679576758742418
 0
 0
 0
 0
 0
 0
 0
 0
 0
 0.1679576758742418
 0.2909374571733728
 0
 0.2311168777621144
 0
 0
 0
 0
 0
 0
 0
 0
 0.1661715997556805
 0.4907449462346904
 0.8039877023301278
 0
 0
 0
 0.9776870801804751
 0
 0.4198579087739887
 0
 0
 0
 0
 0
 0
 0
 0
 0
 0
 0
 0
 0.6139897513519046
 0
 0
 0
 0.1679576758742418
 0
 0
 0
 0
 0.1044960001231054
 0
 0
 0.4945249069157863
 0
 0
 0
 0.8682075176468509
 0
 0
 0
 0
 0
 0
 0.2136561197663248
 0.1058351929739919
 0
 0
 0
 0
 0
 0
 0
 0.3997343912650836
 0
 0
 1.009819473354111
 0.8669551726003526
 0
 0
 0
 0.4198579087739887
 0
 0
 0
 0
 0
 0
 0
 0
 0
 0.5836987674820523
 0.9700575391002193
 0
 0
 0
 0
 0
 0
 0
 0.7859751638772311
 0.5020015192193216
 0
 0
 0
 0
 0
 0
 0
 0
 0.1925974881501005
 0
 0
 0.8890075011832391
 0
 0
 0
 0
 0.2136561197663248
 0.1058351929739919
 0
 0
 0
 0.6432372843400589
 0.9541502874452432
 1.265168501859933
 0
 0
 0.3997343912650836
 0
 0
 0
 0.8300789652989888
 0
 0
 0
 0.571102625890047
 0
 0
 0
 0
 0
 0
 0.8654055136099539
 0
 0
 0
 0
 0
 0.3481705971844523
 1.002675421243173
 0
 0
 0
 0
 0
 0
 0.1679576758742418
 0
 0.1538308509812063
 0
 0.225237125193344
 0
 0
 0
 0.1679576758742418
 0.2909374571733728
 0
 0.1677919383376049
 0
 0
 0
 0.3201710536207452
 0.7444185489091921
 0
 0
 0
 0
 0
 0.3189040901722054
 0
 0
 0
 0
 0.3997343912650836
 0
 0.9700575391002193
 0
 0
 0
 0.9700129052570248
 0
 0
 0
 0.2587486311080615
 0
 0
 0
 0
 0
 0.6786534936585014
 0
 0
 0.1917898347894437
 0
 0
 0
 0.3082203626884637
 0.510281946550932
 0
 0
 0
 0
 0
 0.1112073398734458
 0
 0
 0
 0
 1.246304373883069
 1.074979971739813
 0
 0
 0
 0
 1.054875357549494
 0.8606032317499782
 0
 0
 0
 0
 0
 0
 0
 0
 0
 0
 0
 0
 0
 0
 0
 0
 0.307669698031116
 0
 0.1925974881501005
 0
 0
 0
 0
 0
 0
 0.3465218815025495
 0.8682075176468509
 0
 0
 0
 0
 0
 0
 0.1679576758742418
 0.09668631709607155
 0
 0
 0
 0
 0.4675550706457027
 0
 0
 0
 0
 0
 0
 0
 0.776311478702443
 0
 0
 0
 0
 0
 0
 0
 0
 0
 0
 1.252802032179003
 0
 0
 0
 0
 0
 0
 0
 0
 0.9661081098744453
 0
 0
 0
 0
 0
 0
 0
 0
 0
 0
 0
 0
 0
 0
 0
 0
 0.3897032262701479
 0
 0
 0
 0
 0
 0.2587486311080615
 0
 1.002675421243173
 0
 0.643264839736891
 0
 0
 0
 0
 0
 0
 0
 0
 0
 0
 0
 0
 0
 0
 0
 0
 0
 0.573493165869051
 0
 0
 0
 0
 0.1517464660546235
 0
 0
 0.2768442648229544
 0
 0
 0
 0
 0
 0
 0
 0.6795739182398208
 0
 0
 0.3189503644558321
 0
 0
 0
 0.6982170204468867
 0
 0.8960945716756175
 0.2542699617175421
 0
 0
 0
 0
 0
 0
 0
 0
 0.4904353654068274
 0
 0
 0
 0.8606032317499782
 0
 0
 0
 0
 0
 0.2587486311080615
 0
 0
 0.4624908137034367
 0.6801678177921
 0
 1.761821579114026
 0
 1.772588193978466
 0
 0.1060638660046017
 0
 0
 0
 0
 0.7510454791066639
 0.4906720460400955
 0
 0.9712501643369699
 0
 0
 0
 0
 0
 0
 0
 0
 0
 0
 0.2587486311080615
 0
 0
 0
 0.646052050198104
 0
 0.4185845012640901
 0.2807143479859439
 0.2738155564703614
 0
 0.2768442648229544
 0
 0
 0
 0
 0
 1.748745515800352
 0
 0
 0.1679576758742418
 0.09668631709607155
 0.06389368752102755
 0
 0
 0
 0.8101182496658915
 0
 0
 0
 0
 0
 0
 0
 0
 0.8801477707104404
 0
 1.064756970339503
 0
 0
 0
 0
 0
 0
 0.1939573792495714
 0
 0
 1.491833637764337
 0
 0
 0
 0
 0.3465218815025495
 0
 0
 0.2758710039886905
 0
 0
 0
 0.1679576758742418
 0
 0
 0.3688602005997775
 0.3184942014414431
 0
 0
 0
 0.1679576758742418
 0
 0
 0.09261873629888337
 0.2358931104373813
 0
 0
 0
 0
 0
 0.1679576758742418
 0
 0
 0
 0
 0
 0
 0
 0
 0
 0
 0
 0.198451672212199
 0
 0
 0
 0
 0
 0.4905096281334941
 0
 0.08524477628473615
 0
 0.7258742912046412
 0.5288775079748883
 0
 0
 0
 0
 0
 0.07816622846115895
 0
 0
 0
 1.105653568211358
 0
 0
 0.1679576758742418
 0
 0
 0
 0
 0
 0
 0
 0
 0.1679576758742418
 0
 0
 0
 0
 0
 0
 0.2556165671205763
 0
 0
 0.1679576758742418
 0.09668631709607155
 0.1444575684131576
 0
 0
 0
 0
 0
 0
 0
 0
 0
 0
 0
 0
 0
 0
 1.246117358557575
 0
 0
 0
 0
 0
 0
 0.1500341500162234
 0
 0.6476873904593691
 1.644051962448828
 0
 0
 0
 0
 0.2205216954527651
 0
 0
 0
 0
 0
 0.1679576758742418
 0
 0
 0.1627407094540333
 0
 0
 0.2647463628442477
 0
 0
 0
 0
 0
 0
 0
 0
 0
 0.4730219827450591
 1.725077312170435
 0
 0
 0
 0
 0
 0
 0
 1.166142777464167
 0
 0
 0.8533086598890979
 0
 0.1679576758742418
 0
 0
 0
 0.1387056328023148
 0.1326945717253049
 0
 0
 0
 1.266814631466856
 0
 0
 0
 0
 0
 0
 0
 0.576096486675684
 0
 0.1679576758742418
 0
 0
 0.1303723748100114
 0
 0
 0
 0.06927062690926154
 0
 0
 0
 0
 0
 0
 0
 0
 0.4732762218689083
 0
 0
 0.1679576758742418
 0
 0
 0
 0
 0
 0.7210350381626148
 1.220505916781442
 0
 0
 0
 0.2768442648229544
 0
 0
 0
 0
 0
 0
 2.30434550530771
 0
 0
 0.2275052963576811
 0
 0
 0
 0
 0
 0
 0.9968385865533742
 0
 0
 0
 0
 0
 0
 0.2758710039886905
 0.5422670630249713
 0
 1.874347217379562
 0
 0
 0
 0.390968467253445
 0
 0
 0
 0
 0
 1.784033129636815
 0
 0
 0.3287206127730388
 0
 0.3548021523138749
 0.2797752046913146
 0.3434884777690031
 0
 0
 0.4664063608398155
 0
 0.4198579087739887
 0.1287642418850146
 0
 0
 0
 0
 1.088873629597075
 0
 0
 0
 0
 0
 0
 0
 0
 0
 0
 0
 2
 1
 1
 1
 1
 2
 3
 2
 1
 1
 2
 2
 2
 2
 2
 1
 1
 2
 3
 2
 2
 2
 4
 2
 5
 2
 2
 3
 2
 2
 2
 1
 2
 2
 1
 1
 1
 2
 1
 1
 1
 2
 2
 2
 2
 2
 2
 1
 1
 1
 1
 2
 2
 1
 1
 1
 2
 1
 1
 3
 0
 1
 0
 2
 0
 1
 3
 0
 0
 0
 0
 0
 0
 0
 1
 1
 0
 0
 3
 3
 0
 0
 0
 0
 0
 0
 0
 0
 0
 2
 0
 2
 2
 0
 0
 0
 0
 0
 0
 3
 0
 0
 0
 0
 0
 0
 0
 0
 4
 0
 0
 2
 1
 0
 0
 1
 0
 0
 0
 0
 2
 0
 0
 0
 0
 0
 3
 1
 0
 0
 1
 0
 0
 0
 0
 0
 2
 0
 0
 2
 0
 0
 3
 3
 0
 0
 0
 0
 0
 0
 3
 0
 0
 0
 1
 0
 0
 0
 0
 0
 1
 0
 0
 0
 0
 0
 0
 0
 0
 0
 0
 0
 4
 0
 0
 0
 0
 0
 0
 2
 0
 2
 0
 0
 0
 1
 0
 1
 0
 0
 5
 2
 0
 0
 0
 0
 0
 0
 0
 0
 0
 0
 0
 0
 0
 0
 1
 0
 0
 0
 0
 0
 0
 0
 0
 0
 1
 0
 0
 0
 1
 2
 0
 0
 0
 0
 0
 0
 0
 0
 0
 0
 0
 0
 0
 0
 0
 0
 0
 0
 0
 0
 2
 0
 0
 0
 0
 0
 0
 0
 0
 0
 0
 2
 0
 1
 3
 0
 1
 0
 0
 0
 0
 0
 0
 0
 0
 0
 0
 0
 3
 0
 0
 0
 0
 0
 0
 0
 0
 0
 3
 1
 0
 1
 0
 0
 0
 0
 0
 0
 0
 0
 4
 2
 1
 0
 0
 0
 2
 0
 1
 0
 0
 0
 0
 0
 0
 0
 0
 0
 0
 0
 0
 2
 0
 0
 0
 3
 0
 0
 0
 0
 1
 0
 0
 1
 0
 0
 0
 2
 0
 0
 0
 0
 0
 0
 2
 3
 0
 0
 0
 0
 0
 0
 0
 2
 0
 0
 2
 2
 0
 0
 0
 1
 0
 0
 0
 0
 0
 0
 0
 0
 0
 2
 2
 0
 0
 0
 0
 0
 0
 0
 2
 2
 0
 0
 0
 0
 0
 0
 0
 0
 1
 0
 0
 1
 0
 0
 0
 0
 2
 3
 0
 0
 0
 2
 2
 2
 0
 0
 2
 0
 0
 0
 2
 0
 0
 0
 2
 0
 0
 0
 0
 0
 0
 1
 0
 0
 0
 0
 0
 1
 2
 0
 0
 0
 0
 0
 0
 3
 0
 2
 0
 4
 0
 0
 0
 3
 1
 0
 2
 0
 0
 0
 3
 1
 0
 0
 0
 0
 0
 2
 0
 0
 0
 0
 2
 0
 2
 0
 0
 0
 2
 0
 0
 0
 2
 0
 0
 0
 0
 0
 1
 0
 0
 2
 0
 0
 0
 2
 2
 0
 0
 0
 0
 0
 1
 0
 0
 0
 0
 1
 1
 0
 0
 0
 0
 2
 2
 0
 0
 0
 0
 0
 0
 0
 0
 0
 0
 0
 0
 0
 0
 0
 0
 2
 0
 1
 0
 0
 0
 0
 0
 0
 2
 2
 0
 0
 0
 0
 0
 0
 3
 2
 0
 0
 0
 0
 1
 0
 0
 0
 0
 0
 0
 0
 2
 0
 0
 0
 0
 0
 0
 0
 0
 0
 0
 2
 0
 0
 0
 0
 0
 0
 0
 0
 2
 0
 0
 0
 0
 0
 0
 0
 0
 0
 0
 0
 0
 0
 0
 0
 0
 2
 0
 0
 0
 0
 0
 2
 0
 2
 0
 1
 0
 0
 0
 0
 0
 0
 0
 0
 0
 0
 0
 0
 0
 0
 0
 0
 0
 2
 0
 0
 0
 0
 1
 0
 0
 4
 0
 0
 0
 0
 0
 0
 0
 2
 0
 0
 1
 0
 0
 0
 1
 0
 1
 2
 0
 0
 0
 0
 0
 0
 0
 0
 1
 0
 0
 0
 2
 0
 0
 0
 0
 0
 2
 0
 0
 2
 2
 0
 2
 0
 2
 0
 3
 0
 0
 0
 0
 2
 2
 0
 3
 0
 0
 0
 0
 0
 0
 0
 0
 0
 0
 2
 0
 0
 0
 2
 0
 2
 2
 2
 0
 4
 0
 0
 0
 0
 0
 2
 0
 0
 3
 2
 3
 0
 0
 0
 1
 0
 0
 0
 0
 0
 0
 0
 0
 2
 0
 2
 0
 0
 0
 0
 0
 0
 4
 0
 0
 2
 0
 0
 0
 0
 1
 0
 0
 1
 0
 0
 0
 3
 0
 0
 1
 2
 0
 0
 0
 3
 0
 0
 2
 2
 0
 0
 0
 0
 0
 3
 0
 0
 0
 0
 0
 0
 0
 0
 0
 0
 0
 1
 0
 0
 0
 0
 0
 1
 0
 3
 0
 2
 1
 0
 0
 0
 0
 0
 3
 0
 0
 0
 2
 0
 0
 3
 0
 0
 0
 0
 0
 0
 0
 0
 3
 0
 0
 0
 0
 0
 0
 1
 0
 0
 3
 2
 3
 0
 0
 0
 0
 0
 0
 0
 0
 0
 0
 0
 0
 0
 0
 2
 0
 0
 0
 0
 0
 0
 2
 0
 1
 2
 0
 0
 0
 0
 4
 0
 0
 0
 0
 0
 3
 0
 0
 2
 0
 0
 3
 0
 0
 0
 0
 0
 0
 0
 0
 0
 1
 2
 0
 0
 0
 0
 0
 0
 0
 2
 0
 0
 1
 0
 3
 0
 0
 0
 2
 4
 0
 0
 0
 2
 0
 0
 0
 0
 0
 0
 0
 1
 0
 3
 0
 0
 2
 0
 0
 0
 3
 0
 0
 0
 0
 0
 0
 0
 0
 1
 0
 0
 3
 0
 0
 0
 0
 0
 2
 2
 0
 0
 0
 4
 0
 0
 0
 0
 0
 0
 2
 0
 0
 1
 0
 0
 0
 0
 0
 0
 1
 0
 0
 0
 0
 0
 0
 1
 1
 0
 2
 0
 0
 0
 1
 0
 0
 0
 0
 0
 1
 0
 0
 3
 0
 2
 2
 2
 0
 0
 2
 0
 1
 1
 0
 0
 0
 0
 3
 0
 0
 0
 0
 0
 0
 0
 0
 0
 0
 0
 3
 6
 4
 9
 3
 3
 1
 1
 3
 3
 3
 3
 3
 3
 3
 2
 3
 3
 1
 3
 3
 3
 1
 3
 1
 3
 3
 1
 3
 3
 3
 2
 3
 3
 3
 3
 2
 3
 2
 2
 3
 3
 3
 3
 3
 3
 3
 2
 6
 2
 2
 1
 3
 3
 2
 2
 3
 3
 3
 2
 0
 6
 0
 3
 0
 2
 1
 0
 0
 0
 0
 0
 0
 0
 3
 3
 0
 0
 2
 1
 0
 0
 0
 0
 0
 0
 0
 0
 0
 1
 0
 3
 3
 0
 0
 0
 0
 0
 0
 2
 0
 0
 0
 0
 0
 0
 0
 0
 1
 0
 0
 3
 3
 0
 0
 2
 0
 0
 0
 0
 3
 0
 0
 0
 0
 0
 2
 6
 0
 0
 9
 0
 0
 0
 0
 0
 3
 0
 0
 3
 0
 0
 2
 1
 0
 0
 0
 0
 0
 0
 1
 0
 0
 0
 4
 0
 0
 0
 0
 0
 4
 0
 0
 0
 0
 0
 0
 0
 0
 0
 0
 0
 1
 0
 0
 0
 0
 0
 0
 3
 0
 3
 0
 0
 0
 2
 0
 2
 0
 0
 1
 3
 0
 0
 0
 0
 0
 0
 0
 0
 0
 0
 0
 0
 0
 0
 4
 0
 0
 0
 0
 0
 0
 0
 0
 0
 5
 0
 0
 0
 2
 3
 0
 0
 0
 0
 0
 0
 0
 0
 0
 0
 0
 0
 0
 0
 0
 0
 0
 0
 0
 0
 1
 0
 0
 0
 0
 0
 0
 0
 0
 0
 0
 3
 0
 6
 1
 0
 6
 0
 0
 0
 0
 0
 0
 0
 0
 0
 0
 0
 2
 0
 0
 0
 0
 0
 0
 0
 0
 0
 2
 6
 0
 6
 0
 0
 0
 0
 0
 0
 0
 0
 1
 1
 5
 0
 0
 0
 1
 0
 4
 0
 0
 0
 0
 0
 0
 0
 0
 0
 0
 0
 0
 3
 0
 0
 0
 2
 0
 0
 0
 0
 2
 0
 0
 3
 0
 0
 0
 3
 0
 0
 0
 0
 0
 0
 5
 1
 0
 0
 0
 0
 0
 0
 0
 1
 0
 0
 3
 3
 0
 0
 0
 4
 0
 0
 0
 0
 0
 0
 0
 0
 0
 1
 3
 0
 0
 0
 0
 0
 0
 0
 3
 3
 0
 0
 0
 0
 0
 0
 0
 0
 2
 0
 0
 3
 0
 0
 0
 0
 5
 1
 0
 0
 0
 3
 3
 3
 0
 0
 1
 0
 0
 0
 3
 0
 0
 0
 3
 0
 0
 0
 0
 0
 0
 6
 0
 0
 0
 0
 0
 7
 3
 0
 0
 0
 0
 0
 0
 2
 0
 5
 0
 1
 0
 0
 0
 2
 6
 0
 1
 0
 0
 0
 1
 3
 0
 0
 0
 0
 0
 3
 0
 0
 0
 0
 1
 0
 3
 0
 0
 0
 3
 0
 0
 0
 3
 0
 0
 0
 0
 0
 7
 0
 0
 3
 0
 0
 0
 3
 3
 0
 0
 0
 0
 0
 2
 0
 0
 0
 0
 3
 2
 0
 0
 0
 0
 3
 3
 0
 0
 0
 0
 0
 0
 0
 0
 0
 0
 0
 0
 0
 0
 0
 0
 3
 0
 2
 0
 0
 0
 0
 0
 0
 1
 3
 0
 0
 0
 0
 0
 0
 2
 5
 0
 0
 0
 0
 8
 0
 0
 0
 0
 0
 0
 0
 3
 0
 0
 0
 0
 0
 0
 0
 0
 0
 0
 3
 0
 0
 0
 0
 0
 0
 0
 0
 3
 0
 0
 0
 0
 0
 0
 0
 0
 0
 0
 0
 0
 0
 0
 0
 0
 2
 0
 0
 0
 0
 0
 3
 0
 3
 0
 4
 0
 0
 0
 0
 0
 0
 0
 0
 0
 0
 0
 0
 0
 0
 0
 0
 0
 3
 0
 0
 0
 0
 3
 0
 0
 1
 0
 0
 0
 0
 0
 0
 0
 1
 0
 0
 6
 0
 0
 0
 2
 0
 6
 3
 0
 0
 0
 0
 0
 0
 0
 0
 2
 0
 0
 0
 3
 0
 0
 0
 0
 0
 3
 0
 0
 1
 1
 0
 3
 0
 3
 0
 1
 0
 0
 0
 0
 3
 3
 0
 1
 0
 0
 0
 0
 0
 0
 0
 0
 0
 0
 3
 0
 0
 0
 3
 0
 3
 3
 3
 0
 1
 0
 0
 0
 0
 0
 3
 0
 0
 2
 5
 2
 0
 0
 0
 2
 0
 0
 0
 0
 0
 0
 0
 0
 3
 0
 3
 0
 0
 0
 0
 0
 0
 1
 0
 0
 3
 0
 0
 0
 0
 4
 0
 0
 2
 0
 0
 0
 2
 0
 0
 6
 1
 0
 0
 0
 2
 0
 0
 4
 1
 0
 0
 0
 0
 0
 2
 0
 0
 0
 0
 0
 0
 0
 0
 0
 0
 0
 9
 0
 0
 0
 0
 0
 6
 0
 1
 0
 3
 2
 0
 0
 0
 0
 0
 1
 0
 0
 0
 3
 0
 0
 2
 0
 0
 0
 0
 0
 0
 0
 0
 2
 0
 0
 0
 0
 0
 0
 7
 0
 0
 2
 5
 1
 0
 0
 0
 0
 0
 0
 0
 0
 0
 0
 0
 0
 0
 0
 3
 0
 0
 0
 0
 0
 0
 1
 0
 4
 3
 0
 0
 0
 0
 1
 0
 0
 0
 0
 0
 2
 0
 0
 3
 0
 0
 1
 0
 0
 0
 0
 0
 0
 0
 0
 0
 4
 3
 0
 0
 0
 0
 0
 0
 0
 3
 0
 0
 2
 0
 2
 0
 0
 0
 1
 1
 0
 0
 0
 3
 0
 0
 0
 0
 0
 0
 0
 3
 0
 2
 0
 0
 3
 0
 0
 0
 1
 0
 0
 0
 0
 0
 0
 0
 0
 6
 0
 0
 2
 0
 0
 0
 0
 0
 3
 3
 0
 0
 0
 1
 0
 0
 0
 0
 0
 0
 3
 0
 0
 5
 0
 0
 0
 0
 0
 0
 2
 0
 0
 0
 0
 0
 0
 2
 2
 0
 3
 0
 0
 0
 6
 0
 0
 0
 0
 0
 2
 0
 0
 1
 0
 3
 1
 1
 0
 0
 3
 0
 4
 6
 0
 0
 0
 0
 1
 0
 0
 0
 0
 0
 0
 0
 0
 0
 0
 0
 1.179685801895833
 1.392334218483605
 1.321534941227034
 1.265949679519844
 1.88573434243904
 1.328554504578803
 1.09316156389179
 1.524826467284764
 1.611624429487574
 1.549528893324716
 1.329494089024353
 1.329494089024353
 1.425426574311687
 1.29471950589654
 1.223058557164292
 1.707947058152114
 1.563998929130668
 1.230281077640464
 1.186301989118206
 1.205093687090532
 1.23779418194761
 1.37384458902846
 1.11288290758557
 1.330944505243689
 1.08579471199466
 1.35807511174367
 1.35807511174367
 1.16764083092803
 1.302255463703523
 1.302255463703523
 1.088352178082184
 2.007395649219114
 1.115724035599513
 1.298397508559532
 1.656466173201563
 1.656466173201563
 1.728371825232382
 1.296474251602171
 1.781782564048778
 1.781782564048778
 1.557335065145648
 1.163390479760596
 1.296474251602171
 1.296474251602171
 1.37384458902846
 1.23779418194761
 1.16332052905795
 1.789406842807692
 1.305177140953928
 1.903766145539
 1.903766145539
 1.825635681864653
 1.297683792457206
 1.549528893324716
 1.772851344843742
 1.78607823661306
 1.20203174630165
 1.611624429487574
 1.525552279647652
 1.100130398308205
 0
 1.456529085553869
 0
 1.129238226226533
 0
 1.942839844437538
 1.114395695241688
 0
 0
 0
 0
 0
 0
 0
 1.653904852148385
 1.660237052089732
 0
 0
 1.100130398308205
 1.09367624697202
 0
 0
 0
 0
 0
 0
 0
 0
 0
 1.350068489708613
 0
 1.46005339093507
 1.46005339093507
 0
 0
 0
 0
 0
 0
 1.083019238746092
 0
 0
 0
 0
 0
 0
 0
 0
 1.050585093380946
 0
 0
 1.20203174630165
 1.549528893324716
 0
 0
 1.772851344843742
 0
 0
 0
 0
 1.212327663385952
 0
 0
 0
 0
 0
 1.100130398308205
 1.565234725946366
 0
 0
 1.265949679519844
 0
 0
 0
 0
 0
 1.257066046499292
 0
 0
 1.333129949889716
 0
 0
 1.100130398308205
 1.09367624697202
 0
 0
 0
 0
 0
 0
 1.168932720388946
 0
 0
 0
 1.758941188762893
 0
 0
 0
 0
 0
 1.485323957842216
 0
 0
 0
 0
 0
 0
 0
 0
 0
 0
 0
 1.050585093380946
 0
 0
 0
 0
 0
 0
 1.344590291191196
 0
 1.156806207205931
 0
 0
 0
 1.785778583790863
 0
 1.785778583790863
 0
 0
 1.046433649175458
 1.330101062433841
 0
 0
 0
 0
 0
 0
 0
 0
 0
 0
 0
 0
 0
 0
 1.84327895959262
 0
 0
 0
 0
 0
 0
 0
 0
 0
 1.36394086465583
 0
 0
 0
 1.789406842807692
 1.16332052905795
 0
 0
 0
 0
 0
 0
 0
 0
 0
 0
 0
 0
 0
 0
 0
 0
 0
 0
 0
 0
 1.488617242303379
 0
 0
 0
 0
 0
 0
 0
 0
 0
 0
 1.163390479760596
 0
 1.19066183891464
 1.219090778092119
 0
 1.44444305147519
 0
 0
 0
 0
 0
 0
 0
 0
 0
 0
 0
 1.100130398308205
 0
 0
 0
 0
 0
 0
 0
 0
 0
 1.100130398308205
 1.565234725946366
 0
 1.438647425245614
 0
 0
 0
 0
 0
 0
 0
 0
 1.092420177189414
 1.172713155606582
 1.682237501648914
 0
 0
 0
 1.653015724971205
 0
 1.84327895959262
 0
 0
 0
 0
 0
 0
 0
 0
 0
 0
 0
 0
 1.358478263416117
 0
 0
 0
 1.100130398308205
 0
 0
 0
 0
 1.947700578161123
 0
 0
 1.715361979559177
 0
 0
 0
 1.330101062433841
 0
 0
 0
 0
 0
 0
 1.125603767711187
 1.114149456484405
 0
 0
 0
 0
 0
 0
 0
 1.488617242303379
 0
 0
 1.363757610637205
 1.35807511174367
 0
 0
 0
 1.84327895959262
 0
 0
 0
 0
 0
 0
 0
 0
 0
 1.435459043625575
 1.298250885816594
 0
 0
 0
 0
 0
 0
 0
 1.330101062433841
 1.330101062433841
 0
 0
 0
 0
 0
 0
 0
 0
 1.728371825232382
 0
 0
 1.492800466645393
 0
 0
 0
 0
 1.125603767711187
 1.086668948416632
 0
 0
 0
 1.293059188751339
 1.306174664458215
 1.368224419564011
 0
 0
 1.488617242303379
 0
 0
 0
 1.329494089024353
 0
 0
 0
 1.35807511174367
 0
 0
 0
 0
 0
 0
 1.19066183891464
 0
 0
 0
 0
 0
 1.359333640477894
 1.330101062433841
 0
 0
 0
 0
 0
 0
 1.100130398308205
 0
 1.132862134361779
 0
 1.095227945907453
 0
 0
 0
 1.100130398308205
 1.565234725946366
 0
 1.193353551258195
 0
 0
 0
 1.133287937178278
 1.770654514698372
 0
 0
 0
 0
 0
 1.115724035599513
 0
 0
 0
 0
 1.488617242303379
 0
 1.329494089024353
 0
 0
 0
 1.311747558246035
 0
 0
 0
 1.277001314218868
 0
 0
 0
 0
 0
 1.337117946602483
 0
 0
 1.094723908004304
 0
 0
 0
 1.147047326889993
 1.147047326889993
 0
 0
 0
 0
 0
 1.728371825232382
 0
 0
 0
 0
 1.492800466645393
 1.781782564048778
 0
 0
 0
 0
 1.329494089024353
 1.329494089024353
 0
 0
 0
 0
 0
 0
 0
 0
 0
 0
 0
 0
 0
 0
 0
 0
 1.126627211020672
 0
 1.728371825232382
 0
 0
 0
 0
 0
 0
 1.488617242303379
 1.298250885816594
 0
 0
 0
 0
 0
 0
 1.100130398308205
 1.132862134361779
 0
 0
 0
 0
 1.420849020432845
 0
 0
 0
 0
 0
 0
 0
 1.330101062433841
 0
 0
 0
 0
 0
 0
 0
 0
 0
 0
 1.624534564262676
 0
 0
 0
 0
 0
 0
 0
 0
 1.395391364447629
 0
 0
 0
 0
 0
 0
 0
 0
 0
 0
 0
 0
 0
 0
 0
 0
 1.086151731909894
 0
 0
 0
 0
 0
 1.23329609362933
 0
 1.330101062433841
 0
 1.523199821862075
 0
 0
 0
 0
 0
 0
 0
 0
 0
 0
 0
 0
 0
 0
 0
 0
 0
 1.163390479760596
 0
 0
 0
 0
 1.492800466645393
 0
 0
 1.050585093380946
 0
 0
 0
 0
 0
 0
 0
 1.78816009062069
 0
 0
 1.319939893750469
 0
 0
 0
 1.83623479551823
 0
 1.26496779592946
 1.193764091370726
 0
 0
 0
 0
 0
 0
 0
 0
 1.728371825232382
 0
 0
 0
 1.296474251602171
 0
 0
 0
 0
 0
 1.23329609362933
 0
 0
 1.303353493118334
 1.303353493118334
 0
 1.3786762869098
 0
 1.355738613924174
 0
 1.086668948416632
 0
 0
 0
 0
 1.138284043797541
 1.297126100162954
 0
 1.302031071309468
 0
 0
 0
 0
 0
 0
 0
 0
 0
 0
 1.23329609362933
 0
 0
 0
 1.42600620355781
 0
 1.478391366928515
 1.478391366928515
 1.478391366928515
 0
 1.050585093380946
 0
 0
 0
 0
 0
 1.289054897787522
 0
 0
 1.100130398308205
 1.132862134361779
 1.047679577592741
 0
 0
 0
 1.903382814504015
 0
 0
 0
 0
 0
 0
 0
 0
 1.206406409217498
 0
 1.187023259060576
 0
 0
 0
 0
 0
 0
 1.102864220118389
 0
 0
 1.294825362975057
 0
 0
 0
 0
 1.68730872536817
 0
 0
 1.838908454842312
 0
 0
 0
 1.100130398308205
 0
 0
 1.338407180748628
 1.486985240410028
 0
 0
 0
 1.100130398308205
 0
 0
 1.106123185036405
 1.453352180045302
 0
 0
 0
 0
 0
 1.100130398308205
 0
 0
 0
 0
 0
 0
 0
 0
 0
 0
 0
 1.199606536128332
 0
 0
 0
 0
 0
 1.390867401078163
 0
 1.058636461667824
 0
 1.223058557164292
 1.985718335395854
 0
 0
 0
 0
 0
 1.08261816883655
 0
 0
 0
 1.298392119803346
 0
 0
 1.100130398308205
 0
 0
 0
 0
 0
 0
 0
 0
 1.100130398308205
 0
 0
 0
 0
 0
 0
 1.43484724527626
 0
 0
 1.100130398308205
 1.174445955615714
 1.13382167701535
 0
 0
 0
 0
 0
 0
 0
 0
 0
 0
 0
 0
 0
 0
 1.320253956523808
 0
 0
 0
 0
 0
 0
 1.171738380202913
 0
 1.504447639088336
 1.23779418194761
 0
 0
 0
 0
 1.096710045980388
 0
 0
 0
 0
 0
 1.100130398308205
 0
 0
 1.129238226226533
 0
 0
 1.14761702857892
 0
 0
 0
 0
 0
 0
 0
 0
 0
 1.504447639088336
 1.329040761580878
 0
 0
 0
 0
 0
 0
 0
 1.16332052905795
 0
 0
 1.789406842807692
 0
 1.100130398308205
 0
 0
 0
 1.193353551258195
 1.095227945907453
 0
 0
 0
 1.205093687090532
 0
 0
 0
 0
 0
 0
 0
 1.5610896206384
 0
 1.100130398308205
 0
 0
 1.129238226226533
 0
 0
 0
 1.122988824537478
 0
 0
 0
 0
 0
 0
 0
 0
 1.230208906110196
 0
 0
 1.100130398308205
 0
 0
 0
 0
 0
 1.151747921825192
 1.16332052905795
 0
 0
 0
 1.050585093380946
 0
 0
 0
 0
 0
 0
 1.241151543762357
 0
 0
 1.418448690407079
 0
 0
 0
 0
 0
 0
 1.707947058152114
 0
 0
 0
 0
 0
 0
 1.707947058152114
 1.707947058152114
 0
 1.16332052905795
 0
 0
 0
 1.212091920090376
 0
 0
 0
 0
 0
 1.781782564048778
 0
 0
 1.232700195694475
 0
 1.23329609362933
 1.488617242303379
 1.392338004860183
 0
 0
 1.294948976657397
 0
 1.941528081680423
 1.430591363171419
 0
 0
 0
 0
 1.174399256446963
 0
 0
 0
 0
 0
 0
 0
 0
 0
 0
 0
 0.5301465301516556
 0.8069205959612807
 1.387519896635744
 0.1923294116972702
 1.567704519467896
 0.4862768074248021
 0.5033160027657357
 0.578102292636712
 0.320479442648147
 0.8758522980275082
 0.6460520501981042
 0.6045081029221254
 0.7730394581338268
 1.778712741516134
 0.7803973606429654
 0.8363907156596898
 1.913127819556254
 0.5141343965331507
 0.8728985472118685
 0.5461372596382468
 0.8175620910763742
 0.2673473283299717
 0.1187302192593027
 0.6682739598636477
 0.1603110459276079
 0.7664771189225681
 0.9272630183314624
 0.5693697475559341
 1.635991350862989
 1.552004287783544
 0.6308354740235826
 1.338572340683061
 0.2338989549539759
 1.205192283067384
 1.050175823679887
 1.386197943095332
 1.025351168352447
 0.9462853763172291
 0.4034057684784988
 0.7285758088502032
 1.059894266971978
 0.2989196428783276
 0.6873964104007528
 0.5553284861819837
 0.9452238315333078
 1.025178742446981
 0.665244846227192
 0.5234870585236354
 0.3869622167494629
 0.6052626055207176
 0.771378939329904
 0.6850161878027573
 1.486176534051448
 0.8080596014899317
 1.169118064372341
 0.3452377575551782
 1.057356072269495
 0.3951213904106775
 0.7297500807537244
 0.1679576758742418
 0
 0.2713042977663791
 0
 0.1499640900802659
 0
 0.3516636814368639
 0.416640748654351
 0
 0
 0
 0
 0
 0
 0
 0.4489932350938788
 0.7136681186378353
 0
 0
 0.1679576758742418
 0.1339427955204837
 0
 0
 0
 0
 0
 0
 0
 0
 0
 0.3803830363726372
 0
 1.173823494496443
 1.096043432274397
 0
 0
 0
 0
 0
 0
 0.07816622846115896
 0
 0
 0
 0
 0
 0
 0
 0
 0.2768442648229544
 0
 0
 1.067705497643665
 0.320479442648147
 0
 0
 0.9141656114959302
 0
 0
 0
 0
 0.5843360565905892
 0
 0
 0
 0
 0
 0.1679576758742418
 0.2909374571733728
 0
 0
 0.2998604625551993
 0
 0
 0
 0
 0
 0.4649378449713016
 0
 0
 0.1561430313265383
 0
 0
 0.1679576758742418
 0.1339427955204837
 0
 0
 0
 0
 0
 0
 0.2957415771230993
 0
 0
 0
 0.4198579087739888
 0
 0
 0
 0
 0
 0.7642746137090169
 0
 0
 0
 0
 0
 0
 0
 0
 0
 0
 0
 0.2768442648229544
 0
 0
 0
 0
 0
 0
 2.0947701154618
 0
 0.2836472134541352
 0
 0
 0
 0.2354811475293258
 0
 0.3951400628153618
 0
 0
 0.2050309533637495
 0.7568247965228413
 0
 0
 0
 0
 0
 0
 0
 0
 0
 0
 0
 0
 0
 0
 0.4198579087739887
 0
 0
 0
 0
 0
 0
 0
 0
 0
 0.2832430075702894
 0
 0
 0
 1.593339821269063
 1.647632272029121
 0
 0
 0
 0
 0
 0
 0
 0
 0
 0
 0
 0
 0
 0
 0
 0
 0
 0
 0
 0
 0.3465218815025495
 0
 0
 0
 0
 0
 0
 0
 0
 0
 0
 0.573493165869051
 0
 0.7782949832720935
 0.9477257219466286
 0
 1.167726867887568
 0
 0
 0
 0
 0
 0
 0
 0
 0
 0
 0
 0.1679576758742418
 0
 0
 0
 0
 0
 0
 0
 0
 0
 0.1679576758742418
 0.2909374571733728
 0
 0.2311168777621144
 0
 0
 0
 0
 0
 0
 0
 0
 0.1661715997556805
 0.4907449462346904
 0.8039877023301278
 0
 0
 0
 0.9776870801804751
 0
 0.4198579087739887
 0
 0
 0
 0
 0
 0
 0
 0
 0
 0
 0
 0
 0.6139897513519046
 0
 0
 0
 0.1679576758742418
 0
 0
 0
 0
 0.1044960001231054
 0
 0
 0.4945249069157863
 0
 0
 0
 0.8682075176468509
 0
 0
 0
 0
 0
 0
 0.2136561197663248
 0.1058351929739919
 0
 0
 0
 0
 0
 0
 0
 0.3997343912650836
 0
 0
 1.009819473354111
 0.8669551726003526
 0
 0
 0
 0.4198579087739887
 0
 0
 0
 0
 0
 0
 0
 0
 0
 0.5836987674820523
 0.9700575391002193
 0
 0
 0
 0
 0
 0
 0
 0.7859751638772311
 0.5020015192193216
 0
 0
 0
 0
 0
 0
 0
 0
 0.1925974881501005
 0
 0
 0.8890075011832391
 0
 0
 0
 0
 0.2136561197663248
 0.1058351929739919
 0
 0
 0
 0.6432372843400589
 0.9541502874452432
 1.265168501859933
 0
 0
 0.3997343912650836
 0
 0
 0
 0.8300789652989888
 0
 0
 0
 0.571102625890047
 0
 0
 0
 0
 0
 0
 0.8654055136099539
 0
 0
 0
 0
 0
 0.3481705971844523
 1.002675421243173
 0
 0
 0
 0
 0
 0
 0.1679576758742418
 0
 0.1538308509812063
 0
 0.225237125193344
 0
 0
 0
 0.1679576758742418
 0.2909374571733728
 0
 0.1677919383376049
 0
 0
 0
 0.3201710536207452
 0.7444185489091921
 0
 0
 0
 0
 0
 0.3189040901722054
 0
 0
 0
 0
 0.3997343912650836
 0
 0.9700575391002193
 0
 0
 0
 0.9700129052570248
 0
 0
 0
 0.2587486311080615
 0
 0
 0
 0
 0
 0.6786534936585014
 0
 0
 0.1917898347894437
 0
 0
 0
 0.3082203626884637
 0.510281946550932
 0
 0
 0
 0
 0
 0.1112073398734458
 0
 0
 0
 0
 1.246304373883069
 1.074979971739813
 0
 0
 0
 0
 1.054875357549494
 0.8606032317499782
 0
 0
 0
 0
 0
 0
 0
 0
 0
 0
 0
 0
 0
 0
 0
 0
 0.307669698031116
 0
 0.1925974881501005
 0
 0
 0
 0
 0
 0
 0.3465218815025495
 0.8682075176468509
 0
 0
 0
 0
 0
 0
 0.1679576758742418
 0.09668631709607155
 0
 0
 0
 0
 0.4675550706457027
 0
 0
 0
 0
 0
 0
 0
 0.776311478702443
 0
 0
 0
 0
 0
 0
 0
 0
 0
 0
 1.252802032179003
 0
 0
 0
 0
 0
 0
 0
 0
 0.9661081098744453
 0
 0
 0
 0
 0
 0
 0
 0
 0
 0
 0
 0
 0
 0
 0
 0
 0.3897032262701479
 0
 0
 0
 0
 0
 0.2587486311080615
 0
 1.002675421243173
 0
 0.643264839736891
 0
 0
 0
 0
 0
 0
 0
 0
 0
 0
 0
 0
 0
 0
 0
 0
 0
 0.573493165869051
 0
 0
 0
 0
 0.1517464660546235
 0
 0
 0.2768442648229544
 0
 0
 0
 0
 0
 0
 0
 0.6795739182398208
 0
 0
 0.3189503644558321
 0
 0
 0
 0.6982170204468867
 0
 0.8960945716756175
 0.2542699617175421
 0
 0
 0
 0
 0
 0
 0
 0
 0.4904353654068274
 0
 0
 0
 0.8606032317499782
 0
 0
 0
 0
 0
 0.2587486311080615
 0
 0
 0.4624908137034367
 0.6801678177921
 0
 1.761821579114026
 0
 1.772588193978466
 0
 0.1060638660046017
 0
 0
 0
 0
 0.7510454791066639
 0.4906720460400955
 0
 0.9712501643369699
 0
 0
 0
 0
 0
 0
 0
 0
 0
 0
 0.2587486311080615
 0
 0
 0
 0.646052050198104
 0
 0.4185845012640901
 0.2807143479859439
 0.2738155564703614
 0
 0.2768442648229544
 0
 0
 0
 0
 0
 1.748745515800352
 0
 0
 0.1679576758742418
 0.09668631709607155
 0.06389368752102755
 0
 0
 0
 0.8101182496658915
 0
 0
 0
 0
 0
 0
 0
 0
 0.8801477707104404
 0
 1.064756970339503
 0
 0
 0
 0
 0
 0
 0.1939573792495714
 0
 0
 1.491833637764337
 0
 0
 0
 0
 0.3465218815025495
 0
 0
 0.2758710039886905
 0
 0
 0
 0.1679576758742418
 0
 0
 0.3688602005997775
 0.3184942014414431
 0
 0
 0
 0.1679576758742418
 0
 0
 0.09261873629888337
 0.2358931104373813
 0
 0
 0
 0
 0
 0.1679576758742418
 0
 0
 0
 0
 0
 0
 0
 0
 0
 0
 0
 0.198451672212199
 0
 0
 0
 0
 0
 0.4905096281334941
 0
 0.08524477628473615
 0
 0.7258742912046412
 0.5288775079748883
 0
 0
 0
 0
 0
 0.07816622846115895
 0
 0
 0
 1.105653568211358
 0
 0
 0.1679576758742418
 0
 0
 0
 0
 0
 0
 0
 0
 0.1679576758742418
 0
 0
 0
 0
 0
 0
 0.2556165671205763
 0
 0
 0.1679576758742418
 0.09668631709607155
 0.1444575684131576
 0
 0
 0
 0
 0
 0
 0
 0
 0
 0
 0
 0
 0
 0
 1.246117358557575
 0
 0
 0
 0
 0
 0
 0.1500341500162234
 0
 0.6476873904593691
 1.644051962448828
 0
 0
 0
 0
 0.2205216954527651
 0
 0
 0
 0
 0
 0.1679576758742418
 0
 0
 0.1627407094540333
 0
 0
 0.2647463628442477
 0
 0
 0
 0
 0
 0
 0
 0
 0
 0.4730219827450591
 1.725077312170435
 0
 0
 0
 0
 0
 0
 0
 1.166142777464167
 0
 0
 0.8533086598890979
 0
 0.1679576758742418
 0
 0
 0
 0.1387056328023148
 0.1326945717253049
 0
 0
 0
 1.266814631466856
 0
 0
 0
 0
 0
 0
 0
 0.576096486675684
 0
 0.1679576758742418
 0
 0
 0.1303723748100114
 0
 0
 0
 0.06927062690926154
 0
 0
 0
 0
 0
 0
 0
 0
 0.4732762218689083
 0
 0
 0.1679576758742418
 0
 0
 0
 0
 0
 0.7210350381626148
 1.220505916781442
 0
 0
 0
 0.2768442648229544
 0
 0
 0
 0
 0
 0
 2.30434550530771
 0
 0
 0.2275052963576811
 0
 0
 0
 0
 0
 0
 0.9968385865533742
 0
 0
 0
 0
 0
 0
 0.2758710039886905
 0.5422670630249713
 0
 1.874347217379562
 0
 0
 0
 0.390968467253445
 0
 0
 0
 0
 0
 1.784033129636815
 0
 0
 0.3287206127730388
 0
 0.3548021523138749
 0.2797752046913146
 0.3434884777690031
 0
 0
 0.4664063608398155
 0
 0.4198579087739887
 0.1287642418850146
 0
 0
 0
 0
 1.088873629597075
 0
 0
 0
 0
 0
 0
 0
 0
 0
 0
 0
