%%MatrixMarket matrix coordinate real general
% This is a coefficients file of exd_iono_X
%    generated by l1_logreg_regpath ver 0.8.2
% 
% Note that it is not a model file!
% 
% Each column is coefficient vector of corresponding lambda
% The corresponding lambda vector is stored at path_iono_lambda
35 100      1815
1 1  5.798184331116469e-01
1 2  4.652107881951769e-01
4 2  1.046410161462032e-01
6 2  8.047164403493605e-02
1 3  3.580637265921647e-01
4 3  1.941279203252431e-01
6 3  1.670126837668341e-01
1 4  1.829373191836029e-01
2 4  1.001534921846628e-01
4 4  2.584761744859647e-01
6 4  2.463864957698537e-01
1 5 -1.555320492067602e-02
2 5  2.396674888350265e-01
4 5  3.105574715191566e-01
6 5  3.204608876905758e-01
1 6 -2.027477385524055e-01
2 6  3.708098260118531e-01
4 6  3.606064117305157e-01
6 6  3.907745899130975e-01
1 7 -3.818856237462046e-01
2 7  4.960309073670710e-01
4 7  4.090998924631422e-01
6 7  4.580762537167054e-01
1 8 -5.552787182698693e-01
2 8  6.170770080660005e-01
4 8  4.564007287208570e-01
6 8  5.228993892831511e-01
1 9 -7.246111401042109e-01
2 9  7.352214326271661e-01
4 9  5.027936605548822e-01
6 9  5.856237758465658e-01
1 10 -8.911351380096579e-01
2 10  8.514121724342046e-01
4 10  5.485120122451688e-01
6 10  6.465196544178524e-01
1 11 -1.055789589498449e+00
2 11  9.663610644831017e-01
4 11  5.937518582619428e-01
6 11  7.057760766294886e-01
1 12 -1.219254893780251e+00
2 12  1.080447650528304e+00
4 12  6.385157689023545e-01
6 12  7.630189421438346e-01
8 12  9.715347059206424e-04
1 13 -1.381345039623041e+00
2 13  1.190485273845449e+00
4 13  6.791999595245150e-01
6 13  8.066445239320669e-01
8 13  2.513498199025289e-02
1 14 -1.543069141221286e+00
2 14  1.300714784766733e+00
4 14  7.201406778310802e-01
6 14  8.491439215804298e-01
8 14  4.820206090805077e-02
1 15 -1.705076173167470e+00
2 15  1.407270318509464e+00
4 15  7.585716343527500e-01
6 15  8.860149440719510e-01
8 15  7.895347979416729e-02
9 15  3.392689911751098e-02
1 16 -1.867550248111026e+00
2 16  1.510987768330657e+00
4 16  7.946590294285791e-01
6 16  9.179861526759445e-01
8 16  1.164177151823962e-01
9 16  9.795273504586600e-02
1 17 -2.030556361716437e+00
2 17  1.616097140945052e+00
4 17  8.310603309082290e-01
6 17  9.493512027507391e-01
8 17  1.525619930657758e-01
9 17  1.596901862200686e-01
1 18 -2.194440476491029e+00
2 18  1.722819136762152e+00
4 18  8.677366114696263e-01
6 18  9.800090264883355e-01
8 18  1.876863342031602e-01
9 18  2.194263238907167e-01
1 19 -2.359484499279563e+00
2 19  1.831344502273688e+00
4 19  9.046394536437552e-01
6 19  1.009866673283530e+00
8 19  2.220514514558601e-01
9 19  2.774077885462207e-01
1 20 -2.525916671795855e+00
2 20  1.941839075726654e+00
4 20  9.417086757229606e-01
6 20  1.038843173756163e+00
8 20  2.558826036710399e-01
9 20  3.338492802158132e-01
1 21 -2.683595008691815e+00
2 21  2.038190410753002e+00
4 21  9.824497605355380e-01
6 21  1.066557333340817e+00
8 21  2.959951163855431e-01
9 21  3.833060203576572e-01
23 21 -3.337619646337700e-02
1 22 -2.836853825093895e+00
2 22  2.127394094544848e+00
4 22  1.025080039382906e+00
6 22  1.093042209229050e+00
8 22  3.399897145701719e-01
9 22  4.285524262207926e-01
23 22 -8.576571702320972e-02
1 23 -2.992072144317109e+00
2 23  2.219471728062234e+00
4 23  1.067286569490169e+00
6 23  1.118438804381375e+00
8 23  3.840202953229046e-01
9 23  4.732314161099975e-01
23 23 -1.368387223022140e-01
1 24 -3.149367636980163e+00
2 24  2.314545089721392e+00
4 24  1.108981861787243e+00
6 24  1.142737451027340e+00
8 24  4.281632446647397e-01
9 24  5.174805962754783e-01
23 24 -1.866283954167340e-01
1 25 -3.308835414355205e+00
2 25  2.412723106008916e+00
4 25  1.150085598943518e+00
6 25  1.165954698319097e+00
8 25  4.724473963809894e-01
9 25  5.614125605382446e-01
23 25 -2.351552468802925e-01
1 26 -3.453185407762644e+00
2 26  2.503297165622542e+00
4 26  1.191962131651941e+00
6 26  1.190702938912983e+00
8 26  5.188591466148613e-01
9 26  6.005248763335362e-01
23 26 -2.865591707755977e-01
28 26 -1.968735653903522e-02
1 27 -3.579624472605952e+00
2 27  2.584999666552409e+00
4 27  1.233692213665115e+00
6 27  1.218586134809346e+00
8 27  5.684312351565926e-01
9 27  6.311097489305177e-01
11 27  7.332163587567298e-03
23 27 -3.418213834697514e-01
28 27 -6.553530495498654e-02
1 28 -3.720537420343370e+00
2 28  2.679075855847108e+00
4 28  1.270682078655916e+00
6 28  1.246233229580022e+00
8 28  6.183374951151568e-01
9 28  6.568332642898060e-01
11 28  3.419410600745451e-02
23 28 -3.940367143125990e-01
28 28 -1.060101309954311e-01
1 29 -3.865896243539141e+00
2 29  2.777986934014887e+00
4 29  1.306671097402402e+00
6 29  1.273657725133504e+00
8 29  6.679402221782235e-01
9 29  6.832766754927632e-01
11 29  6.092122076467823e-02
23 29 -4.443531600194850e-01
28 29 -1.452758740209136e-01
1 30 -4.015526006300894e+00
2 30  2.881618298468708e+00
4 30  1.341640742257493e+00
6 30  1.300926041998164e+00
8 30  7.171181489622980e-01
9 30  7.104342640606994e-01
11 30  8.748406620690566e-02
23 30 -4.927870186898319e-01
28 30 -1.833933472888843e-01
1 31 -4.171572151444472e+00
2 31  2.991139227201740e+00
4 31  1.376108291463189e+00
6 31  1.326080834724983e+00
8 31  7.646791557778307e-01
9 31  7.467727316317978e-01
11 31  1.134646035994809e-01
23 31 -5.348465199654513e-01
28 31 -2.160437453205945e-01
35 31 -2.112122973517528e-02
1 32 -4.333517726946008e+00
2 32  3.106180841934425e+00
4 32  1.410205392399460e+00
6 32  1.349513843284393e+00
8 32  8.103923035204390e-01
9 32  7.928241325063444e-01
11 32  1.385274343878249e-01
23 32 -5.703545864418617e-01
28 32 -2.435588413827932e-01
35 32 -6.476291252565347e-02
1 33 -4.496756197625972e+00
2 33  3.223594270618346e+00
4 33  1.442263270747372e+00
6 33  1.374272697085697e+00
8 33  8.551353136375859e-01
9 33  8.377953817871364e-01
11 33  1.629559007723523e-01
19 33  7.024483136768307e-03
23 33 -6.072293831301943e-01
28 33 -2.701382906930663e-01
35 33 -1.070701793621902e-01
1 34 -4.656903426141247e+00
2 34  3.339372014503721e+00
4 34  1.469901531963141e+00
6 34  1.401374398915978e+00
7 34  3.208063213953958e-03
8 34  8.982566371766321e-01
9 34  8.778498971005683e-01
11 34  1.865891989946454e-01
19 34  3.833713399303248e-02
23 34 -6.522517677482181e-01
26 34  8.358976326301952e-06
28 34 -2.934751779148325e-01
35 34 -1.476769893312814e-01
1 35 -4.822028058583079e+00
2 35  3.464947029896882e+00
4 35  1.482555602879012e+00
6 35  1.421684202273953e+00
7 35  2.944887607811146e-02
8 35  9.330093748031034e-01
9 35  9.165165319956230e-01
11 35  2.136516982679747e-01
19 35  6.957139610021326e-02
23 35 -6.891318605838894e-01
26 35  5.305758986452101e-02
28 35 -3.360959949769685e-01
35 35 -1.980638438892994e-01
1 36 -4.990153180782691e+00
2 36  3.594330367224404e+00
4 36  1.496986190034421e+00
6 36  1.439515255773375e+00
7 36  5.651762506362382e-02
8 36  9.643327617020643e-01
9 36  9.554744497580120e-01
11 36  2.401036177235145e-01
19 36  9.988728502194641e-02
23 36 -7.233308631452801e-01
26 36  1.018986470591866e-01
28 36 -3.796690664801835e-01
32 36  8.992556751902374e-03
35 36 -2.469445928878806e-01
1 37 -5.132792517642240e+00
2 37  3.709890042674536e+00
4 37  1.501029275725270e+00
5 37  3.079895491881861e-04
6 37  1.439999322414259e+00
7 37  1.129440345261774e-01
8 37  1.009243253012398e+00
9 37  9.864939691977341e-01
11 37  2.614517186776044e-01
19 37  1.260503217965126e-01
23 37 -7.766182671171160e-01
26 37  1.560073548253641e-01
28 37 -4.505420003877748e-01
31 37  9.635934757905254e-02
32 37  4.647274152071744e-02
35 37 -3.363690534096194e-01
1 38 -5.283446794473480e+00
2 38  3.833842710362219e+00
4 38  1.503624097405508e+00
5 38  7.245121469090527e-03
6 38  1.440917400073024e+00
7 38  1.740534311860450e-01
8 38  1.053601093945145e+00
9 38  1.015404840796761e+00
11 38  2.813691275713198e-01
19 38  1.528407889798949e-01
23 38 -8.295445578802549e-01
26 38  2.094927994095184e-01
28 38 -5.227470974199351e-01
31 38  1.958687084357104e-01
32 38  8.760491565093000e-02
35 38 -4.263640586373166e-01
1 39 -5.447119523582610e+00
2 39  3.969284489303540e+00
4 39  1.507998694636411e+00
5 39  1.134127734347491e-02
6 39  1.443190623395200e+00
7 39  2.350828677516237e-01
8 39  1.096923419416389e+00
9 39  1.044912204323746e+00
11 39  3.013197818549974e-01
19 39  1.789272588587848e-01
23 39 -8.812540562688180e-01
26 39  2.611614824913290e-01
28 39 -5.937641903677376e-01
31 39  2.931138392982587e-01
32 39  1.289402398727683e-01
35 39 -5.146551409587810e-01
1 40 -5.623237985436365e+00
2 40  4.115754342696238e+00
4 40  1.514163280685324e+00
5 40  1.286893960686504e-02
6 40  1.446681725682478e+00
7 40  2.962499809117749e-01
8 40  1.139080554187038e+00
9 40  1.074853021104242e+00
11 40  3.212511471973241e-01
19 40  2.046640015794371e-01
23 40 -9.321480473250435e-01
26 40  3.112794334022818e-01
28 40 -6.637597651520017e-01
31 40  3.881960873947464e-01
32 40  1.704863371871702e-01
35 40 -6.016408622089787e-01
1 41 -5.811378401515727e+00
2 41  4.272923227500632e+00
4 41  1.522133187694566e+00
5 41  1.210558625720087e-02
6 41  1.451279628035801e+00
7 41  3.577682320510758e-01
8 41  1.179964145458693e+00
9 41  1.105076830064247e+00
11 41  3.410931854602484e-01
19 41  2.303624882343278e-01
23 41 -9.825706033397427e-01
26 41  3.600947866619790e-01
28 41 -7.328554658760796e-01
31 41  4.811616561054578e-01
32 41  2.121995355370628e-01
35 41 -6.876593992160974e-01
1 42 -6.011234154621829e+00
2 42  4.440562944483258e+00
4 42  1.531931718550804e+00
5 42  9.290713110121893e-03
6 42  1.456881072851928e+00
7 42  4.198347189747106e-01
8 42  1.219503321272183e+00
9 42  1.135459601986360e+00
11 42  3.607706494477009e-01
19 42  2.562782629309269e-01
23 42 -1.032810454717354e+00
26 42  4.078280262366980e-01
28 42 -8.011381382636981e-01
31 42  5.720451419894085e-01
32 42  2.540023806204900e-01
35 42 -7.730022608659202e-01
1 43 -6.222548115763533e+00
2 43  4.618484355915977e+00
4 43  1.543582769140422e+00
5 43  4.630582425822280e-03
6 43  1.463383630654428e+00
7 43  4.826178090979007e-01
8 43  1.257667728375210e+00
9 43  1.165906284184860e+00
11 43  3.802087930059331e-01
19 43  2.826035977903409e-01
23 43 -1.083096531141035e+00
26 43  4.546655645637054e-01
28 43 -8.686662416570151e-01
31 43  6.608846914569714e-01
32 43  2.957986311484943e-01
35 43 -8.579148342119312e-01
1 44 -6.444282593279848e+00
2 44  4.805863630156447e+00
4 44  1.556782140774199e+00
6 44  1.470865603917859e+00
7 44  5.465707431212965e-01
8 44  1.294188442161093e+00
9 44  1.196019474825204e+00
11 44  3.991846217053802e-01
19 44  3.097609560351422e-01
23 44 -1.133375971424412e+00
26 44  5.008294641784570e-01
28 44 -9.354656600021035e-01
31 44  7.469093695082750e-01
32 44  3.376253342703548e-01
35 44 -9.422897319754295e-01
1 45 -6.672309961361201e+00
2 45  4.999330630894470e+00
4 45  1.572890760301381e+00
6 45  1.478459763001754e+00
7 45  6.145076344972535e-01
8 45  1.327262474342208e+00
9 45  1.224498331777479e+00
11 45  4.151505674697517e-01
19 45  3.384050412670868e-01
23 45 -1.185687759677792e+00
25 45  7.043744333288592e-03
26 45  5.470639786137678e-01
28 45 -1.001980767973480e+00
31 45  8.265397681813831e-01
32 45  3.798968089721538e-01
35 45 -1.024837795121935e+00
1 46 -6.904906835636264e+00
2 46  5.197374207254881e+00
4 46  1.596757756031397e+00
6 46  1.483610612854271e+00
7 46  6.888578816044666e-01
8 46  1.355362842147285e+00
9 46  1.251541248268045e+00
11 46  4.246338275232174e-01
19 46  3.673976953158650e-01
23 46 -1.245328755866828e+00
25 46  3.427874269352001e-02
26 46  5.942429897799240e-01
28 46 -1.069129295095860e+00
31 46  8.993196773825908e-01
32 46  4.223205172255253e-01
35 46 -1.105400482966058e+00
1 47 -7.145647179811885e+00
2 47  5.402761726754130e+00
4 47  1.621647992434085e+00
6 47  1.490268697428105e+00
7 47  7.634964138881849e-01
8 47  1.381799388901531e+00
9 47  1.278600605264712e+00
11 47  4.340020853099967e-01
19 47  3.969279226359566e-01
23 47 -1.304374241923528e+00
25 47  6.036816088569585e-02
26 47  6.409794565800832e-01
28 47 -1.135619356172353e+00
31 47  9.698088290511845e-01
32 47  4.643065096717500e-01
35 47 -1.185852370335139e+00
1 48 -7.390491426186534e+00
2 48  5.616384509024971e+00
4 48  1.640575527811563e+00
6 48  1.490450593542534e+00
7 48  8.431018201946266e-01
8 48  1.409017834239799e+00
9 48  1.303169718847169e+00
11 48  4.450809176099609e-01
19 48  4.274729090859806e-01
23 48 -1.369676155812356e+00
24 48  2.906318166712217e-02
25 48  9.203096368448829e-02
26 48  6.851909340076963e-01
28 48 -1.211712950897112e+00
31 48  1.036030722432252e+00
32 48  4.982388840636530e-01
35 48 -1.266885269075438e+00
1 49 -7.640126187918696e+00
2 49  5.838819964767363e+00
4 49  1.652979871776332e+00
6 49  1.484314955572197e+00
7 49  9.270385929495002e-01
8 49  1.437769816178659e+00
9 49  1.325587211962386e+00
11 49  4.579166090066270e-01
19 49  4.584306599920260e-01
23 49 -1.440888059449398e+00
24 49  8.620425165938235e-02
25 49  1.289994976234467e-01
26 49  7.269049278567435e-01
28 49 -1.296723579323652e+00
31 49  1.098434752056512e+00
32 49  5.242420319476799e-01
35 49 -1.348216027148794e+00
1 50 -7.895636424969761e+00
2 50  6.067313439450088e+00
4 50  1.662754516576527e+00
6 50  1.480496294481005e+00
7 50  1.009467638515898e+00
8 50  1.466344685859846e+00
9 50  1.348593068152933e+00
11 50  4.711746226524936e-01
19 50  4.893663719414246e-01
23 50 -1.510905648682091e+00
24 50  1.416468054609609e-01
25 50  1.648320223192854e-01
26 50  7.659691791338918e-01
28 50 -1.381420083053906e+00
30 50  6.132038128528449e-03
31 50  1.159455612658663e+00
32 50  5.484640780431548e-01
35 50 -1.429238595877934e+00
1 51 -8.154389547106049e+00
2 51  6.301911951185592e+00
4 51  1.661863467512064e+00
6 51  1.480991010580714e+00
7 51  1.089101948183011e+00
8 51  1.495720224919663e+00
9 51  1.372111072533305e+00
11 51  4.865095351267267e-01
19 51  5.222359155243473e-01
23 51 -1.580355376329257e+00
24 51  1.953516044855854e-01
25 51  2.005082963585516e-01
26 51  7.964761398425749e-01
28 51 -1.470040942111281e+00
30 51  3.577399659325268e-02
31 51  1.219248813601146e+00
32 51  5.666511336631159e-01
35 51 -1.510915986870685e+00
1 52 -8.435950619429995e+00
2 52  6.559104379585707e+00
4 52  1.660293748634681e+00
6 52  1.489908762996031e+00
7 52  1.164512357981758e+00
8 52  1.525443926541259e+00
9 52  1.406476519356531e+00
11 52  5.060073809741146e-01
17 52 -4.536105360247730e-02
19 52  5.626734851183952e-01
23 52 -1.645833256488316e+00
24 52  2.512034256406806e-01
25 52  2.300785542764106e-01
26 52  8.216701730962224e-01
28 52 -1.566091196618471e+00
30 52  7.006719947819826e-02
31 52  1.279850603020194e+00
32 52  5.826426102402897e-01
35 52 -1.573347140831771e+00
1 53 -8.728181900726065e+00
2 53  6.826463387351594e+00
4 53  1.661026833375265e+00
6 53  1.503011526126748e+00
7 53  1.241166739164565e+00
8 53  1.546975501534652e+00
9 53  1.445107471300503e+00
11 53  5.289075496946264e-01
16 53  1.224893586914128e-02
17 53 -1.088858883605980e-01
19 53  6.029522937099282e-01
23 53 -1.709628264439068e+00
24 53  3.026963490887263e-01
25 53  2.556747563189296e-01
26 53  8.424308932523005e-01
28 53 -1.665128452243059e+00
30 53  1.066785934766918e-01
31 53  1.341649106308590e+00
32 53  5.977863004968041e-01
35 53 -1.625457675814863e+00
1 54 -9.023555662618923e+00
2 54  7.096393777019942e+00
4 54  1.664375023169591e+00
6 54  1.517988109285487e+00
7 54  1.319779911118340e+00
8 54  1.559565254822185e+00
9 54  1.484673233365040e+00
11 54  5.538987073075347e-01
16 54  3.736952807898227e-02
17 54 -1.758188787951429e-01
19 54  6.402610420330589e-01
23 54 -1.772449857061247e+00
24 54  3.482967567030630e-01
25 54  2.789283155366796e-01
26 54  8.602970993623643e-01
28 54 -1.764367151478413e+00
30 54  1.441792254198946e-01
31 54  1.404109644980804e+00
32 54  6.128116397549529e-01
35 54 -1.673078339182768e+00
1 55 -9.315626885686120e+00
2 55  7.364335489137402e+00
4 55  1.670211334569533e+00
6 55  1.536299853382296e+00
7 55  1.395324878331405e+00
8 55  1.570352584683684e+00
9 55  1.523542448372468e+00
11 55  5.758698885178246e-01
12 55 -1.301042340661474e-02
16 55  6.596619076441794e-02
17 55 -2.393937129502678e-01
19 55  6.785950808481040e-01
23 55 -1.832406347806641e+00
24 55  3.949839867656082e-01
25 55  3.021851878937384e-01
26 55  8.785782191622433e-01
28 55 -1.861431292852607e+00
30 55  1.815333995743668e-01
31 55  1.464622807097506e+00
32 55  6.274795457949989e-01
35 55 -1.722544628221341e+00
1 56 -9.585371408317343e+00
2 56  7.616474959466619e+00
4 56  1.683632745876814e+00
6 56  1.563743103371383e+00
7 56  1.464927729335488e+00
8 56  1.572271863791745e+00
9 56  1.558975674230695e+00
10 56  1.110651518084684e-02
11 56  5.853873120487414e-01
12 56 -8.254282926314174e-02
16 56  1.103707642711909e-01
17 56 -2.886298554853974e-01
19 56  7.239355930701853e-01
23 56 -1.889319992138948e+00
24 56  4.532132324428005e-01
25 56  3.297975912625278e-01
26 56  8.974334642453069e-01
28 56 -1.953980376052366e+00
30 56  2.185990348807381e-01
31 56  1.519782197716865e+00
32 56  6.386555713398163e-01
35 56 -1.783436216204643e+00
1 57 -9.856620725309906e+00
2 57  7.869130511792980e+00
4 57  1.688990673377137e+00
6 57  1.591714245264607e+00
7 57  1.534469972199223e+00
8 57  1.567258335682981e+00
9 57  1.599185001952874e+00
10 57  4.630645124538584e-02
11 57  5.943778093452152e-01
12 57 -1.579325010435670e-01
16 57  1.529461583611909e-01
17 57 -3.381744219966011e-01
19 57  7.660017266609501e-01
23 57 -1.945169912944397e+00
24 57  5.158545375290253e-01
25 57  3.562591876413596e-01
26 57  9.128010003463988e-01
28 57 -2.049442527461177e+00
30 57  2.562455021561729e-01
31 57  1.576468817828833e+00
32 57  6.517797505172420e-01
35 57 -1.844867963553940e+00
1 58 -1.013209398889153e+01
2 58  8.125568790837695e+00
4 58  1.693668458930341e+00
6 58  1.622956132033044e+00
7 58  1.602462165613981e+00
8 58  1.560821754308048e+00
9 58  1.640678579409067e+00
10 58  8.097600687838573e-02
11 58  6.033045794516791e-01
12 58 -2.342272070041412e-01
16 58  1.960407948466861e-01
17 58 -3.889657291651085e-01
19 58  8.077368279572158e-01
23 58 -1.998545105300486e+00
24 58  5.773332669002370e-01
25 58  3.814812898081872e-01
26 58  9.280489901010774e-01
28 58 -2.144959240835015e+00
30 58  2.942597584867728e-01
31 58  1.633279309953067e+00
32 58  6.657475351626225e-01
35 58 -1.905800740376793e+00
1 59 -1.041194586835294e+01
2 59  8.385995379913782e+00
4 59  1.697797902375268e+00
6 59  1.657375443544629e+00
7 59  1.668937334273154e+00
8 59  1.553162634396313e+00
9 59  1.683293140069369e+00
10 59  1.148815884156570e-01
11 59  6.121258451247409e-01
12 59 -3.114366013437152e-01
16 59  2.396301930526978e-01
17 59 -4.410678656833769e-01
19 59  8.491571253776805e-01
23 59 -2.049434207939274e+00
24 59  6.376937508586685e-01
25 59  4.054621793342308e-01
26 59  9.431754368951573e-01
28 59 -2.240436194607766e+00
30 59  3.325603531622677e-01
31 59  1.690285723268321e+00
32 59  6.804194522724345e-01
35 59 -1.966263781249264e+00
1 60 -1.069631328316367e+01
2 60  8.650589276350122e+00
4 60  1.701505257303366e+00
6 60  1.694870929527590e+00
7 60  1.733941267559619e+00
8 60  1.544463285773245e+00
9 60  1.726859302668372e+00
10 60  1.478192716864025e-01
11 60  6.208144162813476e-01
12 60 -3.895496695759779e-01
16 60  2.836815899160599e-01
17 60 -4.945290965532829e-01
19 60  8.902784427650485e-01
23 60 -2.097850700794286e+00
24 60  6.969644840760070e-01
25 60  4.281988347564215e-01
26 60  9.581839062530955e-01
28 60 -2.335775249525556e+00
30 60  3.710711751124960e-01
31 60  1.747542310063494e+00
32 60  6.956670437856605e-01
35 60 -2.026269993958027e+00
1 61 -1.096831330596065e+01
2 61  8.908828817200604e+00
4 61  1.690513142209249e+00
6 61  1.722349058961100e+00
7 61  1.802882355614355e+00
8 61  1.532181378401632e+00
9 61  1.771120789537024e+00
10 61  2.339932261773475e-01
11 61  6.182418770009027e-01
12 61 -4.706927635913904e-01
16 61  3.311716257474730e-01
17 61 -5.640019447417032e-01
19 61  9.305656621701400e-01
20 61 -6.997746143275635e-02
23 61 -2.143253486398628e+00
24 61  7.807629056291421e-01
25 61  4.545480497694538e-01
26 61  9.815191470048890e-01
28 61 -2.433579713403406e+00
30 61  4.145356950817329e-01
31 61  1.807580039073672e+00
32 61  7.130044296512067e-01
35 61 -2.076436154941264e+00
1 62 -1.124072045895812e+01
2 62  9.169424006172735e+00
4 62  1.671312409829974e+00
6 62  1.745163870983490e+00
7 62  1.872403887537908e+00
8 62  1.521422785615769e+00
9 62  1.816494791461308e+00
10 62  3.516310406345223e-01
11 62  6.102663362476495e-01
12 62 -5.562619792799807e-01
16 62  3.874076154950541e-01
17 62 -6.458838664651896e-01
19 62  9.744832372654750e-01
20 62 -1.841781860868495e-01
23 62 -2.187246092860294e+00
24 62  8.774097637096219e-01
25 62  4.821726373222975e-01
26 62  1.011980754401166e+00
28 62 -2.526728433011854e+00
30 62  4.652825895849355e-01
31 62  1.865944759615185e+00
32 62  7.375587292712038e-01
34 62 -2.355195895352603e-02
35 62 -2.116120344704858e+00
1 63 -1.152505914507249e+01
2 63  9.440117433711531e+00
4 63  1.652580143192097e+00
6 63  1.771892873576900e+00
7 63  1.939753828170953e+00
8 63  1.511257809560351e+00
9 63  1.862772870262833e+00
10 63  4.697096001018055e-01
11 63  6.038023224978898e-01
12 63 -6.450372130035099e-01
16 63  4.503210402955359e-01
17 63 -7.315156309449319e-01
19 63  1.021845492853893e+00
20 63 -3.020809482480306e-01
23 63 -2.230023901076955e+00
24 63  9.722344187008544e-01
25 63  5.084251446296161e-01
26 63  1.044161940462838e+00
28 63 -2.615379345503942e+00
30 63  5.200409000648328e-01
31 63  1.922010601968404e+00
32 63  7.671898284984651e-01
34 63 -6.505877781135096e-02
35 63 -2.151466979912505e+00
1 64 -1.180464960031208e+01
2 64  9.704669071000529e+00
4 64  1.632735971320220e+00
6 64  1.805418436616349e+00
7 64  2.006692868703615e+00
8 64  1.489248255774529e+00
9 64  1.908291409106304e+00
10 64  5.938078142944722e-01
11 64  5.952264064243992e-01
12 64 -7.353245685262447e-01
15 64  1.105384450964174e-02
16 64  5.184922186291698e-01
17 64 -8.191548560561792e-01
19 64  1.069606703692554e+00
20 64 -4.256499987848723e-01
23 64 -2.273844937441174e+00
24 64  1.067553149508905e+00
25 64  5.314919331343612e-01
26 64  1.076707588771963e+00
28 64 -2.707570358838964e+00
30 64  5.780938583410149e-01
31 64  1.979914032035896e+00
32 64  7.982968029159341e-01
34 64 -1.044211351415533e-01
35 64 -2.186650704986637e+00
1 65 -1.209334423071032e+01
2 65  9.976990739069665e+00
4 65  1.613094502688269e+00
6 65  1.845046710627432e+00
7 65  2.073026242522527e+00
8 65  1.460710784263534e+00
9 65  1.954069775458843e+00
10 65  7.205811864541148e-01
11 65  5.867198075922553e-01
12 65 -8.281160317772612e-01
15 65  2.437776190692493e-02
16 65  5.898787754288128e-01
17 65 -9.092644029207091e-01
19 65  1.117986955362011e+00
20 65 -5.529865771663193e-01
23 65 -2.315619022014305e+00
24 65  1.162333240642176e+00
25 65  5.529318421432936e-01
26 65  1.109293551844467e+00
28 65 -2.801997243781061e+00
30 65  6.377243043500238e-01
31 65  2.039222748976790e+00
32 65  8.300561948412170e-01
34 65 -1.406083885777087e-01
35 65 -2.221738607433345e+00
1 66 -1.239593652052126e+01
2 66  1.026195363765335e+01
4 66  1.594290132391730e+00
6 66  1.890101960379339e+00
7 66  2.138695200853001e+00
8 66  1.428326433479564e+00
9 66  2.000458867871740e+00
10 66  8.480565452829566e-01
11 66  5.791006669810920e-01
12 66 -9.234272325611319e-01
15 66  3.656103282489036e-02
16 66  6.632124293781309e-01
17 66 -1.001749577669229e+00
19 66  1.166856233995330e+00
20 66 -6.826705294082889e-01
23 66 -2.354264914227766e+00
24 66  1.256078480278145e+00
25 66  5.733836464140059e-01
26 66  1.141823006645255e+00
28 66 -2.898056420808249e+00
30 66  6.979433984155398e-01
31 66  2.099836593177423e+00
32 66  8.622238749830360e-01
34 66 -1.733400777235703e-01
35 66 -2.256889287046802e+00
1 67 -1.271073813532221e+01
2 67  1.055796203266521e+01
4 67  1.576478190694150e+00
6 67  1.939902375992683e+00
7 67  2.203703602736722e+00
8 67  1.393114794840295e+00
9 67  2.047351527401656e+00
10 67  9.751492563366012e-01
11 67  5.723154627667707e-01
12 67 -1.020581604406504e+00
15 67  4.759557556312030e-02
16 67  7.377416738651348e-01
17 67 -1.096137233521733e+00
19 67  1.215887898268829e+00
20 67 -8.135871856870780e-01
23 67 -2.390043396981814e+00
24 67  1.348562940054228e+00
25 67  5.928809927028167e-01
26 67  1.174319129842388e+00
28 67 -2.995540015295367e+00
30 67  7.583320022876576e-01
31 67  2.161772442560524e+00
32 67  8.948164113408819e-01
34 67 -2.028435809536300e-01
35 67 -2.292213133237807e+00
1 68 -1.303530397258438e+01
2 68  1.086270398242098e+01
4 68  1.559766485705688e+00
6 68  1.993642040536102e+00
7 68  2.268008959844496e+00
8 68  1.356116139750935e+00
9 68  2.094594498140936e+00
10 68  1.100764214091613e+00
11 68  5.662989861277631e-01
12 68 -1.118791917418601e+00
15 68  5.754990536490234e-02
16 68  8.126576874147917e-01
17 68 -1.191849110098806e+00
19 68  1.264727389764049e+00
20 68 -9.445392918199431e-01
23 68 -2.423296501196869e+00
24 68  1.439533534963948e+00
25 68  6.114591873439101e-01
26 68  1.206780366225250e+00
28 68 -3.094140641205300e+00
30 68  8.184778835524565e-01
31 68  2.224955623525630e+00
32 68  9.278204083220927e-01
34 68 -2.294243121718149e-01
35 68 -2.327745943183985e+00
1 69 -1.340948571376749e+01
2 69  1.121470709014139e+01
4 69  1.563638624259044e+00
5 69 -5.178515403811172e-02
6 69  2.049605415725741e+00
7 69  2.321009814030110e+00
8 69  1.329417372579629e+00
9 69  2.152370914412345e+00
10 69  1.214180979865595e+00
11 69  5.606925413409402e-01
12 69 -1.232381280335644e+00
13 69 -1.767809709671050e-02
15 69  6.612402074662727e-02
16 69  8.938648177984171e-01
17 69 -1.285473768305994e+00
19 69  1.310425454625707e+00
20 69 -1.095081453469266e+00
23 69 -2.457592351493168e+00
24 69  1.526617680538662e+00
25 69  6.418839701174354e-01
26 69  1.245555552492125e+00
28 69 -3.186088684904272e+00
30 69  8.748852053323515e-01
31 69  2.313413483035027e+00
32 69  9.555890520860766e-01
34 69 -2.440712459087407e-01
35 69 -2.378952168272394e+00
1 70 -1.380101629206912e+01
2 70  1.157881677527991e+01
4 70  1.578244715260291e+00
5 70 -1.059551358582265e-01
6 70  2.119996384025832e+00
7 70  2.374944828707974e+00
8 70  1.297275517804530e+00
9 70  2.226633380255195e+00
10 70  1.318666120965872e+00
11 70  5.588360220149650e-01
12 70 -1.358014477901095e+00
13 70 -7.261877561219435e-02
15 70  7.639474794970610e-02
16 70  9.895149704227802e-01
17 70 -1.378845231480000e+00
18 70  2.537247345945142e-02
19 70  1.358671770816055e+00
20 70 -1.264208110178755e+00
23 70 -2.492249230153035e+00
24 70  1.591695212380432e+00
25 70  6.871243863659605e-01
26 70  1.285663303131797e+00
28 70 -3.277990300079486e+00
30 70  9.337882538522345e-01
31 70  2.398922766770292e+00
32 70  9.792850599863790e-01
34 70 -2.479251018567829e-01
35 70 -2.430229195110210e+00
1 71 -1.420458864578494e+01
2 71  1.195347338106508e+01
4 71  1.596106437286215e+00
5 71 -1.601838924130654e-01
6 71  2.192869880521306e+00
7 71  2.428796259452085e+00
8 71  1.265071538492933e+00
9 71  2.303516291998643e+00
10 71  1.418735317404730e+00
11 71  5.560454240924795e-01
12 71 -1.487031679992604e+00
13 71 -1.279432895422252e-01
15 71  8.496926033193872e-02
16 71  1.083970218968965e+00
17 71 -1.473895605370665e+00
18 71  6.225002859337005e-02
19 71  1.408245610453904e+00
20 71 -1.436008519694757e+00
23 71 -2.525595306931365e+00
24 71  1.652836543281264e+00
25 71  7.333531728254045e-01
26 71  1.325345136588466e+00
28 71 -3.371896731286530e+00
30 71  9.926904818714649e-01
31 71  2.484336254808551e+00
32 71  1.001469561799855e+00
34 71 -2.465978273487126e-01
35 71 -2.481796637400838e+00
1 72 -1.461313281522012e+01
2 72  1.233240827157168e+01
4 72  1.614027431177888e+00
5 72 -2.123450519058620e-01
6 72  2.267293099562164e+00
7 72  2.482164914392968e+00
8 72  1.233641086116278e+00
9 72  2.380665987875345e+00
10 72  1.515944837891589e+00
11 72  5.549845128205289e-01
12 72 -1.614535058269765e+00
13 72 -1.841580954117938e-01
15 72  9.181401041961043e-02
16 72  1.177689365831327e+00
17 72 -1.569557271206728e+00
18 72  9.852264997774932e-02
19 72  1.458085370597555e+00
20 72 -1.604737476341793e+00
23 72 -2.557970225465752e+00
24 72  1.712008453297990e+00
25 72  7.793534632573916e-01
26 72  1.364769522653593e+00
28 72 -3.466767701430225e+00
30 72  1.051195463981089e+00
31 72  2.569912960288947e+00
32 72  1.024177442476695e+00
34 72 -2.438288153523749e-01
35 72 -2.532909708939063e+00
1 73 -1.502400440297270e+01
2 73  1.271315386755326e+01
4 73  1.631900781554443e+00
5 73 -2.623756809004829e-01
6 73  2.342676847210272e+00
7 73  2.534942713132945e+00
8 73  1.203332580893964e+00
9 73  2.457755049036504e+00
10 73  1.609944297900983e+00
11 73  5.555480854202233e-01
12 73 -1.739933598697982e+00
13 73 -2.410251704672960e-01
15 73  9.710331965676341e-02
16 73  1.270173477736050e+00
17 73 -1.665334368141905e+00
18 73  1.341108798710105e-01
19 73  1.507962355210242e+00
20 73 -1.769692753118562e+00
23 73 -2.589623126125263e+00
24 73  1.769113187996595e+00
25 73  8.249791192180325e-01
26 73  1.403800550400593e+00
28 73 -3.562141469445239e+00
30 73  1.109116476481728e+00
31 73  2.655404204854007e+00
32 73  1.047308186250654e+00
34 73 -2.399432616498962e-01
35 73 -2.583399452826749e+00
1 74 -1.543518475316296e+01
2 74  1.309385084397573e+01
4 74  1.649641389687260e+00
5 74 -3.102847150838088e-01
6 74  2.418547254920765e+00
7 74  2.587019556754715e+00
8 74  1.174329051847655e+00
9 74  2.534499546649164e+00
10 74  1.700567486709494e+00
11 74  5.576194717591888e-01
12 74 -1.862814904788916e+00
13 74 -2.983056104417810e-01
15 74  1.009936738593993e-01
16 74  1.361066841961707e+00
17 74 -1.760812475919003e+00
18 74  1.689603579588580e-01
19 74  1.557689915474066e+00
20 74 -1.930428063796307e+00
23 74 -2.620708745025065e+00
24 74  1.824106223760437e+00
25 74  8.700952534142510e-01
26 74  1.442313263506189e+00
28 74 -3.657589361648105e+00
30 74  1.166312560551001e+00
31 74  2.740582488384729e+00
32 74  1.070744250606325e+00
34 74 -2.351815902387042e-01
35 74 -2.633136179046607e+00
1 75 -1.585681682329120e+01
2 75  1.348537142828355e+01
4 75  1.665997045568054e+00
5 75 -3.561687974700591e-01
6 75  2.496485141073156e+00
7 75  2.641168221470860e+00
8 75  1.148756357782619e+00
9 75  2.607895261771765e+00
10 75  1.781961444841153e+00
11 75  5.623676183224001e-01
12 75 -1.982781020086961e+00
13 75 -3.544168010017388e-01
15 75  1.019683979708888e-01
16 75  1.453315272238668e+00
17 75 -1.856903962789550e+00
18 75  2.011920144757668e-01
19 75  1.609527066145325e+00
20 75 -2.085959539538666e+00
23 75 -2.648957447509610e+00
24 75  1.877066266973862e+00
25 75  9.147423231425335e-01
26 75  1.482882948330880e+00
27 75 -8.836565268827271e-03
28 75 -3.755455825409809e+00
30 75  1.223351034221161e+00
31 75  2.828182724854306e+00
32 75  1.092042834261894e+00
34 75 -2.284391389466055e-01
35 75 -2.681601772864909e+00
1 76 -1.630233672630576e+01
2 76  1.390186558438262e+01
4 76  1.679523351512012e+00
5 76 -4.000280071924171e-01
6 76  2.578709281826323e+00
7 76  2.700834639868758e+00
8 76  1.129186914167718e+00
9 76  2.674552733068382e+00
10 76  1.847045944783734e+00
11 76  5.715239331100725e-01
12 76 -2.099771437459511e+00
13 76 -4.076226621637914e-01
15 76  9.812608205731271e-02
16 76  1.550857973010590e+00
17 76 -1.955134263357091e+00
18 76  2.287882077314577e-01
19 76  1.666399420045261e+00
20 76 -2.235628207596900e+00
23 76 -2.671732067208097e+00
24 76  1.928264783140841e+00
25 76  9.590571353660696e-01
26 76  1.528762857913764e+00
27 76 -3.695223227637345e-02
28 76 -3.858884144289621e+00
30 76  1.281111742470718e+00
31 76  2.921415287597387e+00
32 76  1.108175146478402e+00
34 76 -2.182045976572491e-01
35 76 -2.728093078302322e+00
1 77 -1.674583873743577e+01
2 77  1.431625802526797e+01
4 77  1.692718358070769e+00
5 77 -4.418425009677839e-01
6 77  2.660760421535086e+00
7 77  2.759818803425147e+00
8 77  1.111277615946158e+00
9 77  2.740203587097767e+00
10 77  1.908236382746965e+00
11 77  5.822800306656815e-01
12 77 -2.213976542551861e+00
13 77 -4.605627556496654e-01
15 77  9.314240200083647e-02
16 77  1.646798416913228e+00
17 77 -2.052620004934884e+00
18 77  2.557309296568913e-01
19 77  1.723057035081021e+00
20 77 -2.381004060852568e+00
23 77 -2.694146136451152e+00
24 77  1.977683467323970e+00
25 77  1.002603885792405e+00
26 77  1.574191978911177e+00
27 77 -6.542355468117739e-02
28 77 -3.961791592930326e+00
30 77  1.338111965984072e+00
31 77  3.013732582683982e+00
32 77  1.123890100527460e+00
34 77 -2.072767290099310e-01
35 77 -2.773402230624966e+00
1 78 -1.718577282547807e+01
2 78  1.472712397196751e+01
4 78  1.705574201445365e+00
5 78 -4.817544216989933e-01
6 78  2.742245134139790e+00
7 78  2.817926295948555e+00
8 78  1.094914938402338e+00
9 78  2.804715403052191e+00
10 78  1.965835225768052e+00
11 78  5.943753297084503e-01
12 78 -2.325221561191743e+00
13 78 -5.129856953849937e-01
15 78  8.722259036420384e-02
16 78  1.740831195180048e+00
17 78 -2.148979305214435e+00
18 78  2.820020534283870e-01
19 78  1.779246070357075e+00
20 78 -2.521985756915932e+00
23 78 -2.716249816897724e+00
24 78  2.025405471129023e+00
25 78  1.045268896782135e+00
26 78  1.618995626267076e+00
27 78 -9.398528500332798e-02
28 78 -4.063747493784826e+00
30 78  1.394203861439539e+00
31 78  3.104845332618802e+00
32 78  1.139134125941055e+00
34 78 -1.957956471604040e-01
35 78 -2.817512934778165e+00
1 79 -1.762072238577774e+01
2 79  1.513316600292622e+01
4 79  1.718082713358358e+00
5 79 -5.198983760064406e-01
6 79  2.822807176270058e+00
7 79  2.874975255466946e+00
8 79  1.079974635252321e+00
9 79  2.867962728657192e+00
10 79  2.020145070567019e+00
11 79  6.075487080114929e-01
12 79 -2.433361638820618e+00
13 79 -5.646517479697678e-01
15 79  8.056222364061311e-02
16 79  1.832683626280686e+00
17 79 -2.243858878471092e+00
18 79  3.075777646613783e-01
19 79  1.834726449944545e+00
20 79 -2.658496401843574e+00
23 79 -2.738067890351022e+00
24 79  2.071512385164572e+00
25 79  1.086944917373569e+00
26 79  1.663012270983780e+00
27 79 -1.223927018468483e-01
28 79 -4.164359437719471e+00
30 79  1.449249141686645e+00
31 79  3.194488237296938e+00
32 79  1.153868092188958e+00
34 79 -1.838899459955438e-01
35 79 -2.860418517862223e+00
1 80 -1.804941181698887e+01
2 80  1.553321981797714e+01
4 80  1.730236068741432e+00
5 80 -5.563957757842335e-01
6 80  2.902129664082671e+00
7 80  2.930800252807475e+00
8 80  1.066329922573794e+00
9 80  2.929828605606084e+00
10 80  2.071454126616652e+00
11 80  6.215496551348143e-01
12 80 -2.538277972603135e+00
13 80 -6.153426514170542e-01
15 80  7.334118379088141e-02
16 80  1.922118513417070e+00
17 80 -2.336939748640533e+00
18 80  3.324320927978036e-01
19 80  1.889278149354852e+00
20 80 -2.790479092510190e+00
23 80 -2.759606131128214e+00
24 80  2.116077320444784e+00
25 80  1.127535593903197e+00
26 80  1.706096245641490e+00
27 80 -1.504269673938619e-01
28 80 -4.263276251608158e+00
30 80  1.503121149064691e+00
31 80  3.282422776668541e+00
32 80  1.168068368541646e+00
34 80 -1.716795871610128e-01
35 80 -2.902117149826134e+00
1 81 -1.847072810483746e+01
2 81  1.592627363863896e+01
4 81  1.742027669974853e+00
5 81 -5.913532600180778e-01
6 81  2.979938835242713e+00
7 81  2.985256926874361e+00
8 81  1.053856925899542e+00
9 81  2.990207746148906e+00
10 81  2.120027806015533e+00
11 81  6.361468081953997e-01
12 81 -2.639878594329928e+00
13 81 -6.648693725377919e-01
15 81  6.571922653519342e-02
16 81  2.008938942481453e+00
17 81 -2.427944127151379e+00
18 81  3.565403574735175e-01
19 81  1.942707550988676e+00
20 81 -2.917898713427714e+00
23 81 -2.780856618424037e+00
24 81  2.159162480232718e+00
25 81  1.166959637080914e+00
26 81  1.748121177407620e+00
27 81 -1.779003018573789e-01
28 81 -4.360192835296766e+00
30 81  1.555708204251045e+00
31 81  3.368441911615466e+00
32 81  1.181726123868488e+00
34 81 -1.592762138275400e-01
35 81 -2.942609959530023e+00
1 82 -1.888371156382873e+01
2 82  1.631145895857912e+01
4 82  1.753452145450914e+00
5 82 -6.248611724990412e-01
6 82  3.056001439074140e+00
7 82  3.038221797414351e+00
8 82  1.042438819587137e+00
9 82  3.049005879856661e+00
10 82  2.166102050074077e+00
11 82  6.511324163151063e-01
12 82 -2.738093431875191e+00
13 82 -7.130735096020011e-01
15 82  5.783435874924121e-02
16 82  2.092985940839205e+00
17 82 -2.516634457270219e+00
18 82  3.798804132716997e-01
19 82  1.994848269561128e+00
20 82 -3.040736823059804e+00
23 82 -2.801800941218509e+00
24 82  2.200816691538372e+00
25 82  1.205150895522554e+00
26 82  1.788979682478065e+00
27 82 -2.046567701894350e-01
28 82 -4.454847282169272e+00
30 82  1.606913065172035e+00
31 82  3.452367922937955e+00
32 82  1.194844480694025e+00
34 82 -1.467831517561557e-01
35 82 -2.981897958397487e+00
1 83 -1.928756520632470e+01
2 83  1.668805876043788e+01
4 83  1.764505831207902e+00
5 83 -6.569956241237441e-01
6 83  3.130125182467116e+00
7 83  3.089594018215316e+00
8 83  1.031967579273593e+00
9 83  3.106142285141571e+00
10 83  2.209883254706328e+00
11 83  6.663248762000641e-01
12 83 -2.832875473443844e+00
13 83 -7.598288662569926e-01
15 83  4.980279162970638e-02
16 83  2.174139556323078e+00
17 83 -2.602815722192320e+00
18 83  4.024345772046126e-01
19 83  2.045563113755628e+00
20 83 -3.158994331717724e+00
23 83 -2.822414011676338e+00
24 83  2.241077360203793e+00
25 83  1.242059382959256e+00
26 83  1.828584515840894e+00
27 83 -2.305724777740870e-01
28 83 -4.547022117820502e+00
30 83  1.656654782704595e+00
31 83  3.534053914548812e+00
32 83  1.207435826074872e+00
34 83 -1.342943330577853e-01
35 83 -3.019982311871982e+00
1 84 -1.968164563187901e+01
2 84  1.705549860131965e+01
4 84  1.775186737053321e+00
5 84 -6.878202591743516e-01
6 84  3.202155567800523e+00
7 84  3.139294404313698e+00
8 84  1.022344995538808e+00
9 84  3.161549950874412e+00
10 84  2.251549047020094e+00
11 84  6.815687642849739e-01
12 84 -2.924198525577346e+00
13 84 -8.050394785548414e-01
15 84  4.172047159192514e-02
16 84  2.252315719607991e+00
17 84 -2.686333202587291e+00
18 84  4.241901328133478e-01
19 84  2.094742825781987e+00
20 84 -3.272689896967087e+00
23 84 -2.842666616413660e+00
24 84  2.279972101965693e+00
25 84  1.277650084542086e+00
26 84  1.866867564392403e+00
27 84 -2.555533656211660e-01
28 84 -4.636541278673078e+00
30 84  1.704868228944174e+00
31 84  3.613381605984301e+00
32 84  1.219518630354097e+00
34 84 -1.218936594114997e-01
35 84 -3.056863994453313e+00
1 85 -2.006545306543788e+01
2 85  1.741333736925724e+01
4 85  1.785494873459531e+00
5 85 -7.173888097734038e-01
6 85  3.271972351873728e+00
7 85  3.187263965074759e+00
8 85  1.013482630445197e+00
9 85  3.215175870632330e+00
10 85  2.291250625569027e+00
11 85  6.967333708163085e-01
12 85 -3.012055290407261e+00
13 85 -8.486365213072972e-01
15 85  3.366526995814690e-02
16 85  2.327461963778076e+00
17 85 -2.767069575012990e+00
18 85  4.451394968508335e-01
19 85  2.142304102304238e+00
20 85 -3.381858782147209e+00
23 85 -2.862527134766498e+00
24 85  2.317520864873367e+00
25 85  1.311901405926816e+00
26 85  1.903778299061249e+00
27 85 -2.795324388716542e-01
28 85 -4.723266797531515e+00
30 85  1.751503252570326e+00
31 85  3.690259201034620e+00
32 85  1.231114865402524e+00
34 85 -1.096546763707082e-01
35 85 -3.092544425167220e+00
1 86 -2.043989504206564e+01
2 86  1.776240227552822e+01
4 86  1.795868931099301e+00
5 86 -7.460612670350882e-01
6 86  3.339391479288093e+00
7 86  3.233360473099519e+00
8 86  1.005091849844245e+00
9 86  3.267275595260117e+00
10 86  2.328906324936526e+00
11 86  7.115162645397564e-01
12 86 -3.096373510468456e+00
13 86 -8.903526090641817e-01
15 86  2.563829603939036e-02
16 86  2.398783731209278e+00
17 86 -2.844944947086617e+00
18 86  4.653099454950545e-01
19 86  2.188207355599593e+00
20 86 -3.486601298830751e+00
22 86  1.453718829321422e-03
23 86 -2.881492177141941e+00
24 86  2.353536881150088e+00
25 86  1.344776065980941e+00
26 86  1.939056459500428e+00
27 86 -3.027064496778898e-01
28 86 -4.807052414954237e+00
30 86  1.796370743294498e+00
31 86  3.764844888181675e+00
32 86  1.242425138723097e+00
34 86 -9.773823357148582e-02
35 86 -3.127411358925292e+00
1 87 -2.081105528905400e+01
2 87  1.810820580125252e+01
4 87  1.808515760492423e+00
5 87 -7.754605436911824e-01
6 87  3.403872303297329e+00
7 87  3.277068773656735e+00
8 87  9.960945433617870e-01
9 87  3.319301158509992e+00
10 87  2.363553022451735e+00
11 87  7.248238460656359e-01
12 87 -3.176802996862652e+00
13 87 -9.290296550561177e-01
15 87  1.738525818341149e-02
16 87  2.462406731338431e+00
17 87 -2.919916150861054e+00
18 87  4.848566412564305e-01
19 87  2.232502712824775e+00
20 87 -3.587214437343610e+00
22 87  1.151546307673338e-02
23 87 -2.897176238592218e+00
24 87  2.387044715649160e+00
25 87  1.376147024523886e+00
26 87  1.971544924095075e+00
27 87 -3.262569215442990e-01
28 87 -4.887585752664075e+00
30 87  1.838671331693947e+00
31 87  3.838227630917057e+00
32 87  1.254371307697101e+00
34 87 -8.670659948258704e-02
35 87 -3.163419225509916e+00
1 88 -2.118559520516427e+01
2 88  1.845831901517685e+01
4 88  1.819090263087747e+00
5 88 -8.026738218805178e-01
6 88  3.466767761889051e+00
7 88  3.314755911858811e+00
8 88  9.886957400865120e-01
9 88  3.369836638889265e+00
10 88  2.399071995611700e+00
11 88  7.401115506745456e-01
12 88 -3.255599091565108e+00
13 88 -9.670839562647793e-01
15 88  8.521995181890150e-03
16 88  2.524737191647779e+00
17 88 -2.993087899827786e+00
18 88  5.052974302007471e-01
19 88  2.276909663376094e+00
20 88 -3.684223865656330e+00
22 88  1.857035312823698e-02
23 88 -2.912971963261258e+00
24 88  2.416295322506061e+00
25 88  1.405713501542205e+00
26 88  2.001562228572968e+00
27 88 -3.514142820128108e-01
28 88 -4.965196810551418e+00
30 88  1.880376457993748e+00
31 88  3.908046686717489e+00
32 88  1.266921180191152e+00
33 88  1.005630115787992e-02
34 88 -7.462205437166666e-02
35 88 -3.201867022834087e+00
1 89 -2.156447129468434e+01
2 89  1.881367802225215e+01
4 89  1.826963623650883e+00
5 89 -8.274518866114084e-01
6 89  3.528273999811099e+00
7 89  3.345516190316180e+00
8 89  9.825166822744592e-01
9 89  3.418950979157990e+00
10 89  2.436687214606803e+00
11 89  7.576073494808728e-01
12 89 -3.332912560307999e+00
13 89 -1.004831152465977e+00
16 89  2.586208800997523e+00
17 89 -3.064652037701598e+00
18 89  5.269734329403627e-01
19 89  2.321743966105697e+00
20 89 -3.778066361620548e+00
22 89  2.209851584217743e-02
23 89 -2.929423119145188e+00
24 89  2.440767579087169e+00
25 89  1.433138852012503e+00
26 89  2.028868787209372e+00
27 89 -3.785992141696985e-01
28 89 -5.039980994776895e+00
30 89  1.921965090379846e+00
31 89  3.973992515297235e+00
32 89  1.280278884811662e+00
33 89  3.229680527109598e-02
34 89 -6.135685212073515e-02
35 89 -3.243480387783927e+00
1 90 -2.191354988810999e+01
2 90  1.913974180887871e+01
4 90  1.833079242444200e+00
5 90 -8.508077912621187e-01
6 90  3.587468174313584e+00
7 90  3.375507767774997e+00
8 90  9.729164627144586e-01
9 90  3.465226195358452e+00
10 90  2.475987424324219e+00
11 90  7.721980187033001e-01
12 90 -3.404858695346568e+00
13 90 -1.040690433624077e+00
16 90  2.645401491172985e+00
17 90 -3.132673887132547e+00
18 90  5.476542503866030e-01
19 90  2.363627088629430e+00
20 90 -3.868482711175338e+00
22 90  2.520475863261080e-02
23 90 -2.948612470032713e+00
24 90  2.465185751731735e+00
25 90  1.457372613643857e+00
26 90  2.054799483181530e+00
27 90 -4.030092891619957e-01
28 90 -5.112360689991715e+00
30 90  1.963370580930493e+00
31 90  4.037023105509859e+00
32 90  1.292850882634522e+00
33 90  5.293460065424856e-02
34 90 -4.927572967267332e-02
35 90 -3.282588411104588e+00
1 91 -2.225019229360019e+01
2 91  1.945423005184485e+01
4 91  1.838848282307470e+00
5 91 -8.730991867939126e-01
6 91  3.644200319513470e+00
7 91  3.404175677045609e+00
8 91  9.639243353583563e-01
9 91  3.509611487959760e+00
10 91  2.513657146023311e+00
11 91  7.862815592567199e-01
12 91 -3.473561948418033e+00
13 91 -1.074922883286728e+00
16 91  2.701729714815619e+00
17 91 -3.197684719792544e+00
18 91  5.673441358604224e-01
19 91  2.403618123229796e+00
20 91 -3.954714761347270e+00
22 91  2.812775236007201e-02
23 91 -2.967278126632512e+00
24 91  2.488750003119395e+00
25 91  1.480487563430651e+00
26 91  2.079526262374394e+00
27 91 -4.260527444819173e-01
28 91 -5.181658960676201e+00
30 91  2.003043008184310e+00
31 91  4.097453661758457e+00
32 91  1.304881009714475e+00
33 91  7.252784787849764e-02
34 91 -3.774587719361547e-02
35 91 -3.320048573206911e+00
1 92 -2.256907702114727e+01
2 92  1.975260772223255e+01
4 92  1.841341809168593e+00
5 92 -8.896222178006333e-01
6 92  3.703403632211885e+00
7 92  3.432313692696186e+00
8 92  9.556098204919125e-01
9 92  3.552545493309218e+00
10 92  2.557524677690372e+00
11 92  7.979223531442173e-01
12 92 -3.538234706103077e+00
13 92 -1.109039848556604e+00
14 92 -2.639979996886873e-02
16 92  2.767637936120731e+00
17 92 -3.261261551390572e+00
18 92  5.859010128274901e-01
19 92  2.437614879441094e+00
20 92 -4.041353865863996e+00
22 92  3.947144706247469e-02
23 92 -2.983976038093392e+00
24 92  2.513237055982655e+00
25 92  1.503612451832653e+00
26 92  2.100842199981591e+00
27 92 -4.433732943265647e-01
28 92 -5.250800307246577e+00
30 92  2.042983107744567e+00
31 92  4.151944003631795e+00
32 92  1.315562516011503e+00
33 92  9.459182426042995e-02
34 92 -2.694755782426981e-02
35 92 -3.355835865108483e+00
1 93 -2.287118732070115e+01
2 93  2.003577422664648e+01
4 93  1.840584043676711e+00
5 93 -9.004540632379131e-01
6 93  3.765199055037409e+00
7 93  3.460086019858293e+00
8 93  9.480773256905415e-01
9 93  3.594253473651743e+00
10 93  2.607744178715392e+00
11 93  8.069857372454465e-01
12 93 -3.599090215422369e+00
13 93 -1.143097226453882e+00
14 93 -7.920158027769017e-02
16 93  2.842974139379555e+00
17 93 -3.323572772644362e+00
18 93  6.033277505887511e-01
19 93  2.465624893247071e+00
20 93 -4.128537788640630e+00
22 93  5.939718202229217e-02
23 93 -2.998627612251492e+00
24 93  2.538824934268283e+00
25 93  1.526814247079201e+00
26 93  2.118835763003061e+00
27 93 -4.549973427870188e-01
28 93 -5.320142624894407e+00
30 93  2.083218834513498e+00
31 93  4.200797852891634e+00
32 93  1.325001040806287e+00
33 93  1.191764537823334e-01
34 93 -1.678247087339635e-02
35 93 -3.390309066772971e+00
1 94 -2.316290123184878e+01
2 94  2.030926299710732e+01
4 94  1.839748194324636e+00
5 94 -9.106877134658975e-01
6 94  3.824413847022512e+00
7 94  3.486718631993568e+00
8 94  9.412030132572295e-01
9 94  3.634348257334823e+00
10 94  2.656045444769352e+00
11 94  8.154922100041997e-01
12 94 -3.657170289911478e+00
13 94 -1.175541440564079e+00
14 94 -1.302745095599748e-01
16 94  2.914593189419451e+00
17 94 -3.383073777668251e+00
18 94  6.198288609058561e-01
19 94  2.492092417219642e+00
20 94 -4.211604379199690e+00
22 94  7.878337367637864e-02
23 94 -3.012691664526872e+00
24 94  2.563647713889071e+00
25 94  1.548950713010420e+00
26 94  2.135916969783746e+00
27 94 -4.656704318338165e-01
28 94 -5.386714619533984e+00
30 94  2.121665786754770e+00
31 94  4.247721827889106e+00
32 94  1.334127684711073e+00
33 94  1.426000661043983e-01
34 94 -7.044136559775578e-03
35 94 -3.423624666642640e+00
1 95 -2.344264710651192e+01
2 95  2.057153070633084e+01
4 95  1.838823551071862e+00
5 95 -9.201600250979598e-01
6 95  3.880673925093773e+00
7 95  3.511947747402645e+00
8 95  9.353266789894543e-01
9 95  3.672744726193258e+00
10 95  2.702188462399155e+00
11 95  8.237170842622958e-01
12 95 -3.712181345072674e+00
13 95 -1.206252183522386e+00
14 95 -1.795737577852514e-01
16 95  2.982810251585161e+00
17 95 -3.439637346125865e+00
18 95  6.349993111081444e-01
19 95  2.517023796184624e+00
20 95 -4.290078444973334e+00
22 95  9.781397288130041e-02
23 95 -3.026370244018309e+00
24 95  2.587584248991126e+00
25 95  1.569927811601571e+00
26 95  2.151978003743506e+00
27 95 -4.751485620363315e-01
28 95 -5.449560148607112e+00
30 95  2.158434734218268e+00
31 95  4.292171452451537e+00
32 95  1.343444936746419e+00
33 95  1.646720154763945e-01
35 95 -3.455142115542304e+00
1 96 -2.370731475274375e+01
2 96  2.081957706088288e+01
4 96  1.837787839739856e+00
5 96 -9.285627869659839e-01
6 96  3.933276229147296e+00
7 96  3.535262909961750e+00
8 96  9.310964720557815e-01
9 96  3.709299058086667e+00
10 96  2.745713142094530e+00
11 96  8.321812154777122e-01
12 96 -3.763566420446834e+00
13 96 -1.234979302188463e+00
14 96 -2.270300071608826e-01
16 96  3.048143725893792e+00
17 96 -3.492988199100262e+00
18 96  6.480728759668671e-01
19 96  2.540386853202613e+00
20 96 -4.362987189726746e+00
22 96  1.168431545315071e-01
23 96 -3.040049824188257e+00
24 96  2.610424224469017e+00
25 96  1.589558442902411e+00
26 96  2.166789227358987e+00
27 96 -4.829204728737628e-01
28 96 -5.506865402237923e+00
30 96  2.193698259777072e+00
31 96  4.333101840971488e+00
32 96  1.353856576466561e+00
33 96  1.850259173982789e-01
35 96 -3.483677896146607e+00
1 97 -2.396244588983021e+01
2 97  2.105859174276810e+01
4 97  1.836506813946487e+00
5 97 -9.375952230212105e-01
6 97  3.982786466395388e+00
7 97  3.556913242947533e+00
8 97  9.267319606620325e-01
9 97  3.743820941931523e+00
10 97  2.790567804611916e+00
11 97  8.400732926061101e-01
12 97 -3.811457776225761e+00
13 97 -1.263071420793418e+00
14 97 -2.736588982073727e-01
16 97  3.110156637063497e+00
17 97 -3.546328735492454e+00
18 97  6.600551905291794e-01
19 97  2.561081902305921e+00
20 97 -4.436160805607000e+00
21 97  8.902397247840421e-03
22 97  1.355190163858571e-01
23 97 -3.055849029502127e+00
24 97  2.632582833869144e+00
25 97  1.609856719363494e+00
26 97  2.180427351913736e+00
27 97 -4.908538796834977e-01
28 97 -5.561003621229223e+00
30 97  2.228885910281662e+00
31 97  4.367640735643012e+00
32 97  1.365392690625335e+00
33 97  2.058997770099364e-01
35 97 -3.509745922367579e+00
1 98 -2.420839681662634e+01
2 98  2.128894077395134e+01
4 98  1.835062563507515e+00
5 98 -9.471091811268644e-01
6 98  4.029364514459487e+00
7 98  3.577016191469758e+00
8 98  9.222718064446840e-01
9 98  3.776438749567574e+00
10 98  2.836311880530430e+00
11 98  8.474312270458555e-01
12 98 -3.856115572562284e+00
13 98 -1.290545089108484e+00
14 98 -3.192844827538967e-01
16 98  3.169028954876265e+00
17 98 -3.599302021438586e+00
18 98  6.710504563119976e-01
19 98  2.579406919979835e+00
20 98 -4.509127349288880e+00
21 98  2.527490937316767e-02
22 98  1.537183109347512e-01
23 98 -3.073384698117389e+00
24 98  2.653981464385399e+00
25 98  1.630633528779382e+00
26 98  2.193003305515991e+00
27 98 -4.988255125291287e-01
28 98 -5.612102196138162e+00
30 98  2.263782314877873e+00
31 98  4.396494854468763e+00
32 98  1.377809062756889e+00
33 98  2.270876682979259e-01
35 98 -3.533547355648995e+00
1 99 -2.444561102006063e+01
2 99  2.151123995428121e+01
4 99  1.833701569691834e+00
5 99 -9.561338075661914e-01
6 99  4.073732328070363e+00
7 99  3.596146586890791e+00
8 99  9.181341326163620e-01
9 99  3.807603112027794e+00
10 99  2.880006459945796e+00
11 99  8.543498800811864e-01
12 99 -3.898608691968805e+00
13 99 -1.316674215273445e+00
14 99 -3.629223654852514e-01
16 99  3.224864585862842e+00
17 99 -3.649590224157230e+00
18 99  6.814386091942843e-01
19 99  2.596663179272837e+00
20 99 -4.578374641355082e+00
21 99  4.085885086558513e-02
22 99  1.711235313244566e-01
23 99 -3.090140333249684e+00
24 99  2.674471797186129e+00
25 99  1.650384728645952e+00
26 99  2.204876684172030e+00
27 99 -5.060734809897279e-01
28 99 -5.660752701232696e+00
30 99  2.296943901091923e+00
31 99  4.423993414633714e+00
32 99  1.389691604318576e+00
33 99  2.471816718834080e-01
35 99 -3.556351374878219e+00
1 100 -2.467437450261273e+01
2 100  2.172576551484589e+01
4 100  1.832423963044538e+00
5 100 -9.646904478261253e-01
6 100  4.115948792513725e+00
7 100  3.614332953700825e+00
8 100  9.142895095094891e-01
9 100  3.837335025313191e+00
10 100  2.921680727963567e+00
11 100  8.608516406858892e-01
12 100 -3.939005619049491e+00
13 100 -1.341492699714618e+00
14 100 -4.045865458522811e-01
16 100  3.277772663066964e+00
17 100 -3.697281044543735e+00
18 100  6.912477505283641e-01
19 100  2.612906149623829e+00
20 100 -4.644030184613873e+00
21 100  5.566514716508226e-02
22 100  1.877404390674857e-01
23 100 -3.106124113886380e+00
24 100  2.694063010658498e+00
25 100  1.669135273100721e+00
26 100  2.216079273943488e+00
27 100 -5.126617340864296e-01
28 100 -5.707020305143344e+00
30 100  2.328424192091186e+00
31 100  4.450185744066280e+00
32 100  1.401049857300604e+00
33 100  2.662163239772803e-01
35 100 -3.578170306428483e+00
