%%MatrixMarket matrix array real general
% This is a lambda file of exd_iono_X
%    generated by l1_logreg_regpath ver 0.8.2
% 
% The corresponding coefficient vector is stored at path_iono
% 
100 1
 2.486785502013982e-01
 2.319184482309616e-01
 2.162879210382126e-01
 2.017108377660825e-01
 1.881162036257082e-01
 1.754378022443538e-01
 1.636138783957977e-01
 1.525868555066026e-01
 1.423030093986366e-01
 1.327122602839942e-01
 1.237679021025430e-01
 1.154263575173132e-01
 1.076470052685885e-01
 1.003919606312473e-01
 9.362588150259336e-02
 8.731580427082125e-02
 8.143101392343008e-02
 7.594283857285367e-02
 7.082454041742925e-02
 6.605120556370468e-02
 6.159957735984317e-02
 5.744796795070384e-02
 5.357616890931869e-02
 4.996531604847964e-02
 4.659781768033796e-02
 4.345728660005406e-02
 4.052840806424021e-02
 3.779692633224661e-02
 3.524954476386668e-02
 3.287384109865050e-02
 3.065825206591340e-02
 2.859199235090520e-02
 2.666498587524973e-02
 2.486785331364840e-02
 2.319184636484214e-02
 2.162879201105756e-02
 2.017108239242045e-02
 1.881162149210680e-02
 1.754377992346138e-02
 1.636138671682238e-02
 1.525868607420395e-02
 1.423030069573437e-02
 1.327122511769629e-02
 1.237679063491673e-02
 1.154263555371052e-02
 1.076469978815947e-02
 1.003919640758152e-02
 9.362587507776245e-03
 8.731579827900286e-03
 8.143101671742526e-03
 7.594284899561153e-03
 7.082455013772742e-03
 6.605120783000028e-03
 6.159957313273351e-03
 5.744796400848750e-03
 5.357615971800849e-03
 4.996532290595825e-03
 4.659782407564502e-03
 4.345728361791159e-03
 4.052840528308436e-03
 3.779692373853154e-03
 3.524953508823693e-03
 3.287384561041345e-03
 3.065825627359834e-03
 2.859199038885461e-03
 2.666498404543491e-03
 2.486785160715710e-03
 2.319184954780190e-03
 2.162879497949628e-03
 2.017108516079613e-03
 1.881162020120854e-03
 1.754377871956543e-03
 1.636138559406507e-03
 1.525868816837891e-03
 1.423030264876880e-03
 1.327122693910262e-03
 1.237678978559189e-03
 1.154263476162739e-03
 1.076469904946014e-03
 1.003919778540878e-03
 9.362588792742471e-04
 8.731581026264004e-04
 8.143101112943501e-04
 7.594282815009723e-04
 7.082453069713239e-04
 6.605121689518351e-04
 6.159958158695313e-04
 5.744797189292045e-04
 5.357616707105653e-04
 4.996530919100198e-04
 4.659781128503180e-04
 4.345728958219674e-04
 4.052841084539627e-04
 3.779692892596187e-04
 3.524953992605147e-04
 3.287383658688816e-04
 3.065824785822905e-04
 2.859199431295592e-04
 2.666498770506467e-04
 2.486785502013982e-04
