%%MatrixMarket matrix array real general
% 
% This is a result file of exd_iono_X,
%    generated by l1_logreg_classify ver 0.8.2
% Each row contains a predicted class of corresponding example.
% 
351 1
         1
         1
         1
         1
         1
         1
         1
         1
         1
         1
         1
         1
         1
        -1
         1
         1
         1
         1
         1
         1
         1
         1
         1
         1
         1
        -1
         1
         1
         1
         1
         1
         1
         1
        -1
         1
        -1
         1
         1
         1
        -1
         1
         1
         1
         1
         1
         1
         1
         1
         1
         1
        -1
         1
         1
         1
         1
         1
         1
         1
         1
         1
         1
         1
         1
        -1
         1
        -1
         1
         1
         1
        -1
         1
         1
         1
         1
         1
         1
         1
         1
         1
         1
         1
         1
         1
        -1
         1
        -1
         1
        -1
         1
         1
         1
         1
         1
         1
         1
        -1
         1
         1
         1
         1
         1
         1
         1
         1
         1
         1
         1
         1
         1
         1
         1
         1
         1
         1
         1
        -1
        -1
         1
         1
         1
         1
         1
         1
         1
         1
         1
        -1
         1
         1
         1
         1
         1
        -1
         1
         1
         1
         1
        -1
         1
         1
         1
         1
        -1
        -1
        -1
         1
         1
         1
        -1
         1
         1
         1
         1
         1
         1
         1
         1
         1
         1
         1
         1
         1
         1
         1
        -1
         1
         1
         1
         1
         1
         1
         1
         1
         1
        -1
         1
         1
         1
         1
         1
         1
         1
         1
         1
         1
         1
         1
         1
         1
         1
         1
         1
         1
         1
         1
         1
        -1
         1
         1
         1
         1
         1
         1
         1
         1
         1
         1
         1
         1
         1
         1
         1
         1
         1
         1
         1
         1
         1
         1
         1
         1
         1
         1
         1
         1
         1
         1
         1
         1
         1
         1
         1
         1
         1
        -1
         1
        -1
         1
         1
         1
         1
         1
        -1
         1
        -1
         1
         1
         1
         1
         1
         1
         1
         1
         1
         1
         1
         1
         1
         1
         1
         1
         1
         1
         1
         1
         1
         1
         1
         1
         1
         1
         1
         1
         1
         1
         1
         1
         1
         1
         1
         1
         1
         1
         1
        -1
         1
         1
         1
         1
         1
         1
         1
         1
         1
         1
         1
         1
         1
         1
         1
         1
         1
         1
         1
         1
         1
         1
         1
         1
         1
         1
         1
         1
         1
         1
         1
         1
         1
         1
         1
         1
         1
         1
         1
         1
         1
         1
         1
         1
         1
         1
         1
         1
         1
         1
         1
         1
         1
         1
         1
        -1
         1
         1
         1
         1
         1
         1
         1
         1
         1
         1
